#	20	22	24	26	28	30	32	34	36	38	40	42	44	46	48	50	52	54	56	58	60	62	64	66	68	70	72	74	76	78	80	82	84	86	88	90	92	94	96	98	100
																																									
 						
330	0,603671	0,618192	0,640102	0,603865	0,55803	0,540855	0,575527	0,53856	0,536815	0,472969	0,525304	0,484526	0,469775	0,49426	0,521238	0,481123	0,517904	0,448289	0,484888	0,512884	0,556782	0,456944	0,459245	0,423274	0,481935	0,511843	0,527023	0,485398	0,454683	0,47596	0,507269	0,563375	0,448521	0,472936	0,461911	0,505934	0,472387	0,528593	0,510626	0,484711	0,528884
329,5	0,604307	0,613742	0,652	0,590775	0,564015	0,526181	0,567502	0,540867	0,508002	0,488185	0,500397	0,472362	0,468266	0,486932	0,522548	0,509744	0,535605	0,445276	0,481276	0,506488	0,564724	0,470408	0,473268	0,416044	0,493131	0,493035	0,529049	0,473663	0,440668	0,459035	0,515947	0,548775	0,4508	0,489311	0,461903	0,503484	0,476241	0,525523	0,502847	0,490232	0,500921
329	0,589907	0,585009	0,645177	0,566861	0,561897	0,527143	0,581498	0,545465	0,501289	0,508752	0,512226	0,469471	0,465366	0,464677	0,523913	0,525636	0,538724	0,442902	0,515243	0,493915	0,575155	0,471135	0,47267	0,420411	0,48852	0,475345	0,522344	0,486576	0,448386	0,446922	0,527527	0,542046	0,442487	0,51509	0,46908	0,500429	0,48618	0,530812	0,501356	0,505228	0,497186
328,5	0,579725	0,586938	0,636948	0,555804	0,562656	0,549014	0,590051	0,541368	0,513042	0,510463	0,488347	0,479516	0,455346	0,455146	0,529562	0,525651	0,54599	0,443772	0,520781	0,505135	0,580937	0,481773	0,484736	0,432755	0,491257	0,471972	0,510875	0,485411	0,4688	0,44589	0,539323	0,514402	0,458071	0,513023	0,476151	0,493476	0,48956	0,513451	0,472459	0,492323	0,489032
328	0,589075	0,596053	0,631242	0,554254	0,568296	0,557328	0,602533	0,525599	0,524868	0,507684	0,500184	0,467871	0,457524	0,424158	0,548216	0,524682	0,547184	0,443895	0,518724	0,519408	0,569124	0,495845	0,488698	0,429061	0,489239	0,469746	0,500694	0,485519	0,473789	0,454081	0,547276	0,517481	0,476899	0,519183	0,461759	0,491037	0,486728	0,521669	0,462844	0,491169	0,487392
327,5	0,589085	0,60444	0,648484	0,552069	0,576571	0,584486	0,608553	0,516622	0,520111	0,494544	0,495391	0,469628	0,464475	0,423781	0,543115	0,543625	0,556487	0,436493	0,512375	0,529526	0,567	0,508451	0,476332	0,425378	0,480399	0,461122	0,497181	0,481912	0,458097	0,473135	0,532016	0,510571	0,473536	0,522187	0,475278	0,485761	0,495152	0,514602	0,472655	0,470816	0,494138
327	0,596672	0,593881	0,666652	0,552082	0,564322	0,587434	0,597838	0,530945	0,529506	0,496356	0,512258	0,487344	0,446566	0,435362	0,560035	0,554541	0,540635	0,422982	0,516665	0,530651	0,58233	0,496996	0,491776	0,433274	0,46055	0,470871	0,496659	0,472808	0,47873	0,47653	0,525236	0,505086	0,483881	0,511865	0,468373	0,489088	0,510451	0,517384	0,473057	0,461895	0,518126
326,5	0,604598	0,600816	0,667398	0,541507	0,565609	0,575881	0,579081	0,53213	0,529729	0,515638	0,521986	0,489748	0,439815	0,429124	0,569362	0,562514	0,529706	0,450409	0,508703	0,535675	0,582367	0,496453	0,49551	0,44748	0,468079	0,475381	0,498366	0,493412	0,4871	0,485594	0,532168	0,497079	0,509047	0,538559	0,484401	0,490799	0,520452	0,529923	0,468822	0,452246	0,522852
326	0,587772	0,597997	0,650056	0,537869	0,558895	0,56209	0,568894	0,537012	0,515156	0,524252	0,54761	0,489952	0,438423	0,448924	0,541449	0,586977	0,514693	0,480082	0,508662	0,542349	0,575533	0,50704	0,480853	0,464569	0,459881	0,471527	0,472215	0,48489	0,476301	0,497532	0,521301	0,470022	0,488406	0,556483	0,480602	0,485815	0,529991	0,523016	0,464716	0,424253	0,517275
325,5	0,597631	0,591399	0,649347	0,539162	0,566567	0,559319	0,554472	0,530519	0,496819	0,537288	0,540051	0,496694	0,43795	0,455341	0,560501	0,593391	0,529188	0,469012	0,507195	0,52902	0,583573	0,512918	0,480056	0,452413	0,440936	0,455765	0,473049	0,491811	0,50492	0,511911	0,512054	0,446178	0,474055	0,547694	0,487449	0,471138	0,562359	0,550828	0,46275	0,415945	0,514754
325	0,604345	0,580727	0,635102	0,553702	0,577266	0,565777	0,550789	0,545868	0,489414	0,544035	0,545947	0,481194	0,442868	0,446545	0,56349	0,581203	0,518401	0,467077	0,496883	0,541093	0,559678	0,519543	0,490121	0,467555	0,457758	0,463186	0,481063	0,4907	0,503161	0,503636	0,50471	0,43891	0,49182	0,525547	0,503746	0,482727	0,564973	0,555533	0,466615	0,408049	0,49839
324,5	0,579079	0,583863	0,623254	0,564959	0,572516	0,565889	0,55178	0,542139	0,526837	0,532405	0,543966	0,472755	0,458644	0,427769	0,57642	0,586255	0,505196	0,478416	0,512877	0,535543	0,521099	0,522063	0,477555	0,455305	0,476395	0,475922	0,488798	0,504715	0,504828	0,510208	0,504856	0,444131	0,515706	0,515646	0,496918	0,495278	0,548012	0,539575	0,45974	0,414135	0,49614
324	0,585517	0,592634	0,632775	0,557173	0,584948	0,559187	0,570891	0,548844	0,52103	0,551283	0,528318	0,471963	0,455782	0,428618	0,566907	0,584339	0,528904	0,493042	0,526377	0,557779	0,497183	0,521095	0,473567	0,454531	0,484592	0,481354	0,478839	0,520192	0,499872	0,501733	0,501347	0,447219	0,525202	0,505685	0,483219	0,501109	0,540369	0,532348	0,464382	0,427962	0,499062
323,5	0,582952	0,598135	0,618955	0,573148	0,575463	0,560686	0,567252	0,54235	0,515902	0,542864	0,537105	0,463655	0,453833	0,436363	0,568617	0,582431	0,550444	0,511064	0,523582	0,570691	0,531646	0,519566	0,457647	0,471526	0,476503	0,498415	0,481388	0,54333	0,494576	0,501928	0,518877	0,430878	0,53619	0,506922	0,478256	0,515351	0,559283	0,533117	0,466978	0,441594	0,500243
323	0,58582	0,588887	0,620882	0,585893	0,564298	0,590088	0,564986	0,509693	0,538649	0,553865	0,543955	0,47214	0,457851	0,454628	0,583214	0,562887	0,555532	0,52066	0,528004	0,582272	0,526546	0,540174	0,44873	0,471822	0,479351	0,499128	0,46734	0,542033	0,475383	0,515357	0,512876	0,422021	0,539989	0,502032	0,479363	0,522615	0,560183	0,535655	0,484515	0,440184	0,528989
322,5	0,59907	0,599782	0,605787	0,600787	0,560255	0,603474	0,556217	0,506232	0,545977	0,562605	0,537816	0,482121	0,465824	0,473381	0,59189	0,546858	0,548269	0,552094	0,527363	0,589432	0,530555	0,54123	0,442721	0,477355	0,486739	0,492517	0,451067	0,541875	0,47667	0,528222	0,487181	0,432812	0,527391	0,49682	0,478757	0,520863	0,546822	0,537372	0,490206	0,435436	0,53828
322	0,602728	0,593115	0,606014	0,600779	0,557858	0,615513	0,542879	0,532105	0,549122	0,533653	0,54222	0,46743	0,485325	0,4985	0,579555	0,53165	0,529543	0,553854	0,538555	0,588784	0,532103	0,535332	0,442259	0,468013	0,491679	0,500963	0,45318	0,552176	0,47054	0,539994	0,480581	0,444879	0,531728	0,49021	0,488251	0,5259	0,537827	0,550822	0,505432	0,441797	0,542019
321,5	0,596547	0,57825	0,588511	0,608228	0,562699	0,615237	0,546452	0,560833	0,538922	0,532077	0,521891	0,485867	0,494557	0,51765	0,577174	0,542868	0,527213	0,556289	0,56018	0,58507	0,563036	0,537063	0,447643	0,489182	0,488621	0,510534	0,448051	0,55412	0,462845	0,543275	0,494985	0,445965	0,528037	0,493687	0,495537	0,515078	0,551606	0,551592	0,522206	0,457384	0,546107
321	0,58671	0,578687	0,589364	0,604407	0,559244	0,608101	0,547327	0,565268	0,5215	0,537279	0,525061	0,511723	0,495258	0,521932	0,581027	0,545461	0,525176	0,563265	0,560024	0,580282	0,559887	0,532713	0,464606	0,483684	0,496955	0,530941	0,442281	0,560515	0,489394	0,533735	0,506743	0,447874	0,529158	0,483382	0,498077	0,512119	0,547993	0,556199	0,528474	0,469842	0,565749
320,5	0,579878	0,579718	0,58585	0,604747	0,578561	0,59536	0,544113	0,552068	0,517699	0,546545	0,531927	0,503516	0,509396	0,520282	0,574047	0,526822	0,541624	0,576295	0,574341	0,585964	0,55309	0,518971	0,493373	0,495803	0,509994	0,529583	0,444547	0,566922	0,480924	0,538643	0,52668	0,449129	0,52887	0,513626	0,512157	0,529334	0,526547	0,562685	0,517024	0,473791	0,568117
320	0,574919	0,59832	0,575117	0,626115	0,589492	0,605144	0,560267	0,541437	0,516866	0,558801	0,533918	0,494175	0,506931	0,524504	0,550853	0,524641	0,551356	0,577431	0,589877	0,595448	0,552104	0,518311	0,494947	0,494347	0,532059	0,546025	0,451154	0,567043	0,486061	0,528992	0,525633	0,43955	0,514622	0,505796	0,5115	0,535418	0,519107	0,564807	0,534851	0,504601	0,555317
319,5	0,579713	0,577004	0,587458	0,630512	0,601093	0,606372	0,583288	0,547001	0,50966	0,551808	0,528189	0,489774	0,504853	0,517549	0,578359	0,52986	0,551304	0,563429	0,573653	0,607241	0,564922	0,524868	0,512967	0,506156	0,557971	0,550457	0,473059	0,572094	0,513755	0,509303	0,506947	0,454063	0,513764	0,506102	0,524628	0,549015	0,53128	0,575229	0,542738	0,522881	0,562902
319	0,569814	0,580626	0,586742	0,644942	0,610531	0,620452	0,595371	0,558618	0,509428	0,548611	0,534107	0,491599	0,523039	0,514355	0,553039	0,518698	0,538682	0,560972	0,577245	0,613764	0,548417	0,536799	0,516241	0,529363	0,557588	0,576505	0,481404	0,579199	0,513704	0,521777	0,523701	0,482531	0,534818	0,487653	0,528973	0,535061	0,522559	0,581601	0,545071	0,530123	0,591267
318,5	0,574801	0,578451	0,595353	0,61191	0,614827	0,626418	0,589355	0,552823	0,522407	0,565378	0,528471	0,520018	0,525267	0,527187	0,55166	0,528561	0,536835	0,57326	0,594897	0,594935	0,555929	0,536968	0,495743	0,5263	0,557998	0,577711	0,480852	0,583622	0,499289	0,509605	0,526894	0,482748	0,519764	0,493931	0,514918	0,545854	0,520988	0,603398	0,543278	0,547599	0,596201
318	0,571236	0,569277	0,6097	0,605294	0,611171	0,643885	0,613747	0,536918	0,508468	0,560438	0,534612	0,517224	0,536352	0,534467	0,541024	0,526886	0,558353	0,561863	0,605585	0,601036	0,567896	0,556742	0,504959	0,521447	0,555032	0,567841	0,481075	0,587061	0,503385	0,509218	0,529817	0,465498	0,50579	0,51289	0,533561	0,558124	0,529385	0,621836	0,545213	0,566846	0,597693
317,5	0,568085	0,570931	0,614265	0,604694	0,597385	0,653205	0,606064	0,530391	0,5218	0,577624	0,556689	0,528104	0,536166	0,532844	0,562959	0,53437	0,544167	0,559525	0,598386	0,58912	0,57373	0,561525	0,511938	0,532818	0,556882	0,55714	0,485761	0,586647	0,512757	0,509248	0,538896	0,469652	0,508464	0,510097	0,554306	0,571805	0,541082	0,618694	0,526501	0,584917	0,593646
317	0,567155	0,586343	0,639032	0,601403	0,58973	0,663688	0,60549	0,544371	0,536213	0,580904	0,544543	0,527218	0,549895	0,529296	0,565083	0,532658	0,530602	0,54323	0,5955	0,576425	0,560496	0,551104	0,533889	0,538033	0,558462	0,560466	0,490622	0,572571	0,497898	0,516162	0,538344	0,484175	0,512263	0,514599	0,576961	0,590113	0,527547	0,60126	0,502923	0,578524	0,607518
316,5	0,57562	0,600509	0,647684	0,598513	0,593581	0,643385	0,595996	0,567011	0,528213	0,580257	0,558176	0,535363	0,547784	0,531623	0,558419	0,530905	0,530545	0,535362	0,604868	0,554578	0,558231	0,54524	0,525137	0,547176	0,555863	0,552372	0,499327	0,584344	0,501162	0,504968	0,535057	0,483457	0,510025	0,508232	0,575177	0,577412	0,523898	0,596214	0,498214	0,576797	0,604441
316	0,593449	0,618719	0,65442	0,613572	0,622785	0,641063	0,614677	0,592268	0,534319	0,570296	0,56319	0,523957	0,546468	0,513638	0,568245	0,530217	0,530735	0,524847	0,614037	0,545435	0,575518	0,565585	0,544387	0,539284	0,53434	0,558336	0,524951	0,601532	0,504958	0,50559	0,550197	0,493415	0,519091	0,507768	0,581184	0,572447	0,523344	0,597763	0,498155	0,567608	0,610443
315,5	0,599378	0,628399	0,65972	0,619206	0,635374	0,647087	0,631585	0,586147	0,537886	0,598988	0,570774	0,528521	0,54495	0,51262	0,585244	0,555219	0,539444	0,517554	0,618594	0,532716	0,567683	0,57662	0,548895	0,538537	0,548131	0,567979	0,537751	0,582344	0,514393	0,492831	0,531643	0,494965	0,520524	0,504567	0,563483	0,578356	0,548603	0,602014	0,484648	0,580875	0,591688
315	0,605503	0,649191	0,675182	0,630894	0,631258	0,643192	0,63281	0,583794	0,534107	0,616125	0,595143	0,530784	0,529822	0,510711	0,592635	0,557433	0,538457	0,519974	0,595428	0,535643	0,559648	0,598011	0,543978	0,520295	0,553902	0,564636	0,547537	0,580015	0,51621	0,492888	0,522729	0,506012	0,516577	0,503411	0,566325	0,591322	0,536047	0,601957	0,47637	0,576639	0,581676
314,5	0,628052	0,662899	0,699824	0,657368	0,650022	0,658743	0,637114	0,592512	0,542707	0,636552	0,593429	0,525631	0,529219	0,50815	0,563217	0,555445	0,544562	0,532019	0,579964	0,526875	0,550338	0,592525	0,533135	0,517372	0,562774	0,549926	0,55782	0,565289	0,501419	0,491823	0,509041	0,513413	0,506221	0,517842	0,57483	0,603923	0,540214	0,613128	0,489969	0,558592	0,552498
314	0,65353	0,698514	0,717244	0,66197	0,670241	0,684045	0,651395	0,598685	0,550583	0,648217	0,592654	0,530646	0,51868	0,500802	0,549673	0,563725	0,537128	0,528785	0,584003	0,517176	0,556106	0,605463	0,503589	0,50591	0,555921	0,551215	0,561262	0,578866	0,507803	0,497523	0,499687	0,52359	0,511059	0,516403	0,574281	0,590921	0,565153	0,60593	0,497011	0,554646	0,541766
313,5	0,681774	0,698772	0,723154	0,666057	0,672185	0,707015	0,676069	0,604231	0,554813	0,644241	0,596345	0,541136	0,517358	0,507118	0,564292	0,564576	0,535265	0,523759	0,579395	0,503323	0,545996	0,586631	0,498281	0,489571	0,546845	0,534303	0,553865	0,5765	0,507729	0,497659	0,500811	0,513529	0,515923	0,507669	0,581809	0,588067	0,55927	0,605147	0,510191	0,557269	0,55748
313	0,719521	0,725483	0,741341	0,682243	0,706823	0,734467	0,680259	0,606117	0,571315	0,640515	0,595595	0,542472	0,528154	0,520365	0,577027	0,537321	0,524553	0,504328	0,589486	0,480612	0,551282	0,591029	0,506689	0,467364	0,531623	0,534592	0,569284	0,580183	0,490295	0,5123	0,514672	0,521758	0,510494	0,508469	0,580539	0,560785	0,545175	0,594016	0,495664	0,547181	0,535385
312,5	0,763584	0,754118	0,772926	0,707909	0,746399	0,756803	0,709951	0,607132	0,596062	0,652711	0,598418	0,542111	0,519994	0,539253	0,603751	0,546895	0,531677	0,512696	0,594165	0,494183	0,53974	0,59031	0,51145	0,449298	0,541109	0,543696	0,583076	0,563162	0,475978	0,512691	0,516986	0,536323	0,501485	0,52467	0,575241	0,578769	0,553728	0,577241	0,482152	0,54905	0,513248
312	0,804284	0,803714	0,807445	0,773623	0,788641	0,769606	0,726771	0,652643	0,603864	0,655667	0,601945	0,533164	0,524878	0,535196	0,61828	0,541043	0,540692	0,500932	0,579444	0,511324	0,527163	0,593719	0,53899	0,458179	0,532607	0,54581	0,580276	0,565014	0,470546	0,519643	0,506829	0,537164	0,484597	0,53069	0,572424	0,590121	0,514908	0,56335	0,488605	0,545528	0,486631
311,5	0,875245	0,859509	0,85592	0,845382	0,837698	0,803335	0,763743	0,685023	0,62154	0,697213	0,610876	0,549979	0,527679	0,545083	0,637618	0,550304	0,521339	0,504003	0,585645	0,511465	0,52909	0,58038	0,533322	0,456272	0,547397	0,5218	0,583159	0,542583	0,471238	0,525917	0,511866	0,560134	0,486512	0,521502	0,574909	0,578212	0,510982	0,546666	0,492205	0,538881	0,477992
311	0,934298	0,922644	0,911023	0,905144	0,903418	0,8425	0,798671	0,728822	0,645311	0,697124	0,615621	0,554726	0,545641	0,563643	0,623098	0,571489	0,510665	0,510244	0,59387	0,507688	0,532066	0,579559	0,532411	0,457158	0,557147	0,535008	0,582219	0,524061	0,472613	0,523739	0,518675	0,557429	0,491977	0,528093	0,574627	0,561148	0,504166	0,571032	0,491318	0,526098	0,465672
310,5	0,998686	0,989481	0,976532	0,969458	0,968006	0,876811	0,854157	0,763527	0,686488	0,722258	0,647801	0,573376	0,558034	0,57429	0,618984	0,57136	0,519743	0,523508	0,608419	0,506954	0,542143	0,567242	0,515088	0,456441	0,555939	0,539481	0,590538	0,524909	0,45751	0,534236	0,508461	0,538021	0,498747	0,52154	0,57036	0,548553	0,493736	0,582779	0,488353	0,53198	0,46632
310	1,08091	1,06199	1,04433	1,06205	1,0484	0,9439	0,911966	0,816718	0,721247	0,757164	0,670133	0,575858	0,57286	0,575176	0,614875	0,5901	0,523833	0,526917	0,599118	0,514714	0,544044	0,578791	0,526757	0,445452	0,568967	0,538817	0,585124	0,507376	0,451792	0,54007	0,489721	0,550529	0,473251	0,530019	0,566219	0,551218	0,481372	0,577448	0,492086	0,536182	0,459715
309,5	1,16577	1,14609	1,13841	1,14565	1,13512	1,01182	0,973055	0,868016	0,777622	0,799135	0,68568	0,60472	0,59659	0,59713	0,609214	0,600645	0,503912	0,539319	0,591773	0,528489	0,511312	0,556968	0,528769	0,444237	0,587162	0,529778	0,581681	0,511763	0,46574	0,53048	0,484903	0,523588	0,474899	0,53858	0,567155	0,563516	0,489329	0,599744	0,496594	0,53319	0,445003
309	1,2848	1,26061	1,2568	1,24434	1,21758	1,10013	1,04603	0,940173	0,820917	0,827581	0,711304	0,631292	0,6091	0,592247	0,628769	0,599165	0,503534	0,550253	0,597351	0,531561	0,514339	0,545536	0,52998	0,433075	0,594691	0,514156	0,581185	0,522252	0,456097	0,523862	0,495691	0,507965	0,472178	0,518232	0,567068	0,555252	0,473222	0,589389	0,502741	0,539476	0,448492
308,5	1,42488	1,39179	1,3933	1,36186	1,32729	1,192	1,16216	1,01257	0,872337	0,865711	0,726703	0,651888	0,633129	0,609574	0,619098	0,589185	0,500796	0,543784	0,594829	0,538614	0,510186	0,52893	0,534949	0,45028	0,597354	0,535992	0,586106	0,536695	0,465097	0,526509	0,522884	0,497462	0,451825	0,515855	0,556596	0,554113	0,441594	0,587431	0,502155	0,538581	0,472308
308	1,57588	1,54034	1,53094	1,4876	1,45351	1,29914	1,24664	1,07928	0,944408	0,913929	0,76572	0,702203	0,646918	0,629459	0,645474	0,583489	0,519219	0,528364	0,598463	0,542172	0,517074	0,52659	0,547839	0,466507	0,586556	0,535223	0,584569	0,546535	0,474849	0,51542	0,518095	0,490337	0,464071	0,519859	0,554911	0,545045	0,444537	0,571238	0,484477	0,548983	0,473708
307,5	1,73101	1,68404	1,68814	1,65882	1,59557	1,41893	1,34922	1,17783	1,02578	0,975499	0,820178	0,730115	0,659482	0,649322	0,653112	0,583476	0,515274	0,538882	0,615506	0,559582	0,525511	0,525288	0,554695	0,470472	0,58523	0,508327	0,584816	0,540145	0,486193	0,49855	0,512978	0,478582	0,460301	0,516329	0,54334	0,54095	0,427953	0,579691	0,481166	0,550939	0,477455
307	1,90577	1,86613	1,89558	1,83785	1,73887	1,54641	1,47136	1,28933	1,12519	1,06838	0,867938	0,770576	0,693687	0,661386	0,671265	0,585056	0,520306	0,541451	0,612779	0,579108	0,543838	0,537923	0,542027	0,477332	0,588199	0,512543	0,566771	0,540302	0,463358	0,511518	0,531296	0,482199	0,459523	0,527133	0,545693	0,546728	0,440684	0,581429	0,473831	0,56069	0,469608
306,5	2,10098	2,06046	2,09162	2,04049	1,916	1,70687	1,60105	1,43344	1,22086	1,14498	0,881134	0,808541	0,730245	0,654935	0,662218	0,588423	0,535447	0,566792	0,598421	0,586728	0,556111	0,537808	0,52269	0,497783	0,593705	0,503453	0,564513	0,529681	0,457313	0,512286	0,523214	0,474797	0,470563	0,532881	0,536559	0,576556	0,463663	0,586188	0,479127	0,547353	0,481174
306	2,33727	2,30598	2,30867	2,25355	2,08514	1,88723	1,73691	1,55636	1,32036	1,21626	0,942915	0,85214	0,763838	0,678266	0,659216	0,590728	0,557878	0,575637	0,611009	0,569382	0,552272	0,540563	0,530551	0,49549	0,57133	0,502758	0,542801	0,541438	0,460176	0,511221	0,512029	0,4615	0,478437	0,522872	0,531806	0,57962	0,462922	0,584423	0,477532	0,557249	0,520198
305,5	2,60476	2,55394	2,55249	2,48298	2,27401	2,08132	1,91206	1,68745	1,43101	1,32044	1,00522	0,89831	0,785218	0,704633	0,6453	0,602817	0,565778	0,578184	0,631983	0,573441	0,562579	0,552955	0,532148	0,49693	0,562901	0,491874	0,563747	0,51749	0,480466	0,505401	0,513694	0,445941	0,494138	0,512078	0,527704	0,567984	0,489169	0,591026	0,479227	0,562039	0,531298
305	2,84754	2,82499	2,8121	2,69927	2,49215	2,29143	2,10149	1,83235	1,5485	1,3976	1,08788	0,951915	0,816656	0,719666	0,633982	0,599683	0,577778	0,577084	0,639609	0,578856	0,574076	0,571583	0,528635	0,507736	0,554845	0,498595	0,547998	0,534467	0,504829	0,500547	0,501835	0,467994	0,50579	0,506517	0,545937	0,565352	0,514941	0,586941	0,480665	0,567891	0,547709
304,5	3,14881	3,14478	3,10426	2,95483	2,72649	2,51523	2,28548	2,01069	1,68374	1,5098	1,17335	1,01385	0,835969	0,732171	0,651663	0,594104	0,592158	0,58314	0,617545	0,583777	0,592298	0,585745	0,548929	0,523602	0,561024	0,498727	0,546736	0,554748	0,512141	0,517355	0,497944	0,467832	0,507684	0,530655	0,544551	0,56128	0,514074	0,57219	0,499179	0,580095	0,559757
304	3,4964	3,46359	3,42054	3,2438	3,00237	2,7848	2,48775	2,18839	1,81749	1,60088	1,2407	1,0797	0,852764	0,754241	0,676401	0,608664	0,584341	0,593948	0,611182	0,596523	0,59644	0,603677	0,554623	0,546234	0,538476	0,485515	0,540639	0,562034	0,518409	0,534856	0,496944	0,47662	0,495271	0,550237	0,550856	0,562483	0,518395	0,558728	0,516815	0,582349	0,56424
303,5	3,84238	3,80119	3,75124	3,54225	3,27837	3,06609	2,71096	2,39299	1,97385	1,72298	1,33048	1,13986	0,871893	0,770869	0,718856	0,598872	0,601264	0,604219	0,606758	0,582566	0,586398	0,605246	0,549423	0,539645	0,533021	0,509044	0,550632	0,548477	0,548122	0,54002	0,51306	0,497325	0,498175	0,557407	0,560749	0,567609	0,556902	0,587527	0,5297	0,603846	0,574202
303	4,20871	4,16358	4,09324	3,86342	3,58402	3,34353	2,95958	2,59142	2,12743	1,8269	1,42248	1,17413	0,910517	0,791356	0,733033	0,606883	0,621234	0,629085	0,631073	0,583698	0,607852	0,615227	0,555108	0,55658	0,522119	0,54134	0,549294	0,552337	0,560233	0,549572	0,536119	0,534428	0,519843	0,558427	0,564122	0,561663	0,569616	0,593189	0,530511	0,598671	0,593858
302,5	4,58187	4,53451	4,45274	4,20108	3,9166	3,62198	3,1975	2,79196	2,30366	1,9595	1,51628	1,23025	0,936781	0,828171	0,733928	0,60878	0,635242	0,657634	0,634616	0,594934	0,617767	0,616034	0,560147	0,570353	0,524569	0,55345	0,565576	0,561464	0,573858	0,584216	0,532867	0,564779	0,524772	0,571	0,564764	0,578253	0,563393	0,595731	0,517443	0,632006	0,602777
302	4,99576	4,92179	4,81883	4,54306	4,25273	3,92132	3,44181	3,00108	2,46867	2,1003	1,62509	1,28673	0,983653	0,854473	0,742159	0,632283	0,655794	0,672584	0,64542	0,608192	0,622069	0,612296	0,579138	0,595496	0,499328	0,548447	0,58087	0,576538	0,577197	0,601862	0,542429	0,590738	0,550588	0,580304	0,579806	0,58081	0,612194	0,612913	0,533382	0,63036	0,610997
301,5	5,39854	5,31137	5,20425	4,92777	4,59458	4,22497	3,70381	3,21432	2,64276	2,23665	1,70604	1,33052	1,02673	0,874477	0,762659	0,654611	0,646188	0,694639	0,682722	0,609492	0,630986	0,643203	0,576818	0,58716	0,506575	0,56659	0,575391	0,56589	0,596827	0,631535	0,547043	0,623391	0,579105	0,602169	0,592545	0,610387	0,630584	0,635287	0,546613	0,642997	0,637627
301	5,81515	5,71603	5,58679	5,28712	4,92379	4,51844	4,00381	3,43833	2,81455	2,37476	1,78861	1,38102	1,06957	0,894732	0,787894	0,678365	0,673844	0,702811	0,670154	0,627602	0,648352	0,651539	0,594556	0,598698	0,522153	0,575536	0,58941	0,580039	0,622717	0,661908	0,565007	0,643827	0,611701	0,615871	0,607729	0,633525	0,650091	0,643945	0,558447	0,632825	0,659258
300,5	6,25115	6,13745	5,95461	5,66548	5,27309	4,82632	4,27722	3,67887	2,99248	2,50317	1,87821	1,44323	1,1241	0,91965	0,804197	0,700882	0,681992	0,714925	0,672811	0,621596	0,666605	0,666224	0,610487	0,594417	0,540979	0,599344	0,589835	0,571835	0,632222	0,676993	0,584362	0,664826	0,632828	0,622601	0,640197	0,649872	0,643803	0,640349	0,57285	0,643536	0,67882
300	6,6788	6,57265	6,34971	6,02938	5,64185	5,16042	4,54344	3,88397	3,16902	2,62325	2,01462	1,52065	1,14706	0,966439	0,829409	0,719669	0,690843	0,723277	0,680312	0,620528	0,67802	0,690105	0,619005	0,5977	0,555611	0,628106	0,599852	0,587704	0,664217	0,691545	0,591631	0,685137	0,636891	0,613541	0,663434	0,653926	0,648082	0,65002	0,609191	0,649412	0,709211
299,5	7,10687	7,00479	6,74126	6,38424	5,99084	5,46092	4,81725	4,09574	3,35221	2,76346	2,12275	1,57776	1,20742	0,990453	0,860027	0,74704	0,710365	0,721074	0,680687	0,646557	0,701196	0,703291	0,633091	0,616009	0,565892	0,633945	0,609753	0,601635	0,684976	0,739029	0,616929	0,712265	0,674733	0,635777	0,672029	0,673907	0,65834	0,666972	0,63599	0,665632	0,715871
299	7,50885	7,4105	7,13119	6,74191	6,32943	5,75784	5,08201	4,32702	3,52989	2,90086	2,22095	1,64092	1,26423	1,01779	0,888277	0,774557	0,721897	0,742701	0,686182	0,637361	0,70156	0,717284	0,632687	0,629967	0,586824	0,626852	0,604692	0,638324	0,715564	0,76076	0,626911	0,732742	0,704988	0,660754	0,690678	0,704477	0,674278	0,696619	0,686331	0,685209	0,724047
298,5	7,91771	7,79876	7,50766	7,10434	6,64925	6,05178	5,3149	4,53686	3,71646	3,0411	2,3153	1,71054	1,29866	1,05664	0,894205	0,785602	0,735588	0,758271	0,696594	0,656443	0,718584	0,692522	0,648751	0,639567	0,596595	0,653797	0,63805	0,656599	0,702817	0,776397	0,654541	0,726333	0,718169	0,675682	0,69043	0,731287	0,666023	0,723022	0,723995	0,70736	0,761145
298	8,29557	8,19012	7,87409	7,45053	6,98871	6,34426	5,56414	4,74692	3,88817	3,1624	2,38739	1,75929	1,342	1,07673	0,923519	0,811056	0,740818	0,77729	0,729964	0,650727	0,724441	0,68213	0,654689	0,654674	0,595089	0,668399	0,66347	0,663943	0,729872	0,79278	0,683187	0,731658	0,742291	0,683347	0,716476	0,764684	0,678186	0,75907	0,736786	0,717034	0,795365
297,5	8,64671	8,55506	8,21363	7,79172	7,27877	6,6059	5,81762	4,94374	4,05789	3,30435	2,47835	1,80505	1,39975	1,10518	0,935868	0,829248	0,764627	0,774214	0,739266	0,680353	0,721788	0,677575	0,686905	0,661448	0,636255	0,694551	0,682218	0,660663	0,732012	0,786284	0,708652	0,748453	0,754532	0,690526	0,745448	0,78927	0,720111	0,781997	0,755239	0,738551	0,812876
297	8,99853	8,88675	8,52204	8,11187	7,56805	6,8545	6,02304	5,1345	4,21553	3,40153	2,57312	1,85579	1,45904	1,15463	0,928176	0,875986	0,766532	0,784698	0,746319	0,710002	0,742017	0,70582	0,723434	0,69509	0,664672	0,69147	0,714615	0,700478	0,77073	0,795971	0,749001	0,747284	0,783119	0,70648	0,766455	0,821097	0,739133	0,8002	0,776879	0,754187	0,837765
296,5	9,32011	9,22062	8,83906	8,41316	7,83038	7,12082	6,24176	5,32381	4,33722	3,50026	2,65679	1,92699	1,50095	1,17997	0,958394	0,88748	0,783397	0,796866	0,752406	0,708226	0,757228	0,728826	0,732621	0,723579	0,698173	0,681152	0,762596	0,737326	0,79807	0,812751	0,755484	0,737981	0,819193	0,733367	0,805164	0,839758	0,773007	0,823576	0,821761	0,785556	0,873062
296	9,64662	9,52557	9,12002	8,68948	8,05532	7,34942	6,4574	5,49588	4,46016	3,59976	2,73419	1,98605	1,53283	1,21632	0,983268	0,921068	0,782107	0,799993	0,765561	0,732513	0,767395	0,754187	0,742939	0,745982	0,711518	0,712041	0,772842	0,750216	0,813063	0,829474	0,779656	0,769814	0,845364	0,771074	0,828934	0,886252	0,824129	0,847416	0,859761	0,804049	0,89607
295,5	9,91916	9,81313	9,38973	8,94532	8,28149	7,59292	6,66413	5,66427	4,57123	3,68581	2,81845	2,04545	1,55317	1,23227	1,00012	0,926656	0,806733	0,804023	0,783526	0,752315	0,778986	0,782101	0,745447	0,751967	0,75703	0,750823	0,79718	0,758233	0,843773	0,834062	0,816974	0,797767	0,859833	0,806091	0,869268	0,897163	0,84867	0,884963	0,908459	0,858506	0,924152
295	10,1675	10,0717	9,6438	9,17239	8,47952	7,77568	6,81618	5,81773	4,66383	3,76426	2,91971	2,07548	1,5844	1,26358	1,01911	0,921657	0,838409	0,81118	0,792035	0,775674	0,792275	0,794348	0,775496	0,792815	0,766986	0,776015	0,830067	0,789099	0,86046	0,87314	0,834649	0,823731	0,876585	0,828556	0,908374	0,911169	0,880251	0,906835	0,963186	0,902469	0,964652
294,5	10,4133	10,3268	9,88895	9,38461	8,69557	7,96414	6,97881	5,96659	4,77701	3,83812	2,998	2,13316	1,62536	1,29244	1,03026	0,94238	0,856707	0,832835	0,800889	0,791282	0,782738	0,80673	0,805051	0,813162	0,804541	0,814317	0,845271	0,837046	0,864227	0,892031	0,870913	0,850248	0,886958	0,855513	0,937344	0,930647	0,928644	0,952896	1,00424	0,950484	1,01726
294	10,644	10,533	10,1014	9,56224	8,90399	8,13551	7,1338	6,09333	4,86747	3,91144	3,05439	2,16694	1,65055	1,32822	1,04378	0,959155	0,874372	0,850092	0,821684	0,79658	0,788563	0,82764	0,824956	0,850837	0,83072	0,83634	0,888159	0,874258	0,880021	0,909626	0,918609	0,870975	0,899461	0,917781	0,969891	0,962553	0,993615	0,990033	1,04565	1,00178	1,06154
293,5	10,844	10,7029	10,2977	9,72991	9,06771	8,27102	7,27048	6,18649	4,9485	3,98083	3,0876	2,20919	1,68169	1,34248	1,0484	0,985344	0,911835	0,862847	0,850216	0,823091	0,807787	0,84603	0,861537	0,886948	0,861277	0,85694	0,931614	0,908943	0,915082	0,945118	0,948689	0,902716	0,94684	0,958601	0,999838	1,00876	1,04742	1,04467	1,08106	1,05966	1,12533
293	11,0122	10,851	10,4644	9,92149	9,21023	8,40583	7,39651	6,27713	5,05507	4,04865	3,11757	2,25667	1,69647	1,34451	1,06378	1,01617	0,912843	0,892329	0,874719	0,833269	0,806064	0,858823	0,888109	0,912133	0,903923	0,900465	0,97959	0,932691	0,944605	0,962305	1,00391	0,970509	0,986243	1,02002	1,05553	1,02639	1,09049	1,09814	1,14291	1,10324	1,18181
292,5	11,1624	11,0156	10,6035	10,0678	9,32756	8,51739	7,50475	6,37491	5,11592	4,09536	3,15996	2,29343	1,71422	1,36638	1,07187	1,0337	0,919672	0,916163	0,891499	0,866057	0,816544	0,872562	0,913956	0,946231	0,937429	0,947948	1,03392	0,955057	0,997142	0,994086	1,0428	1,02115	1,00021	1,04942	1,11468	1,08349	1,13818	1,16762	1,21588	1,15829	1,25973
292	11,2878	11,1583	10,7475	10,1788	9,46979	8,61131	7,61302	6,45116	5,17995	4,11548	3,188	2,2997	1,71248	1,3713	1,09694	1,0701	0,924782	0,938831	0,905048	0,863218	0,835999	0,904781	0,957196	0,964674	0,982417	0,978846	1,06579	1,00088	1,03526	1,06231	1,08313	1,09159	1,03489	1,08988	1,17381	1,12646	1,21508	1,23118	1,24713	1,19385	1,32685
291,5	11,4221	11,271	10,8816	10,3016	9,5569	8,72422	7,69883	6,50869	5,21824	4,16241	3,22565	2,31925	1,74819	1,38417	1,08914	1,07527	0,960448	0,968567	0,905571	0,896915	0,854027	0,949076	1,0025	0,977441	1,0124	1,00899	1,09198	1,03864	1,06372	1,10572	1,13654	1,15765	1,09757	1,15583	1,22787	1,17807	1,26939	1,2766	1,30107	1,26254	1,39635
291	11,5438	11,3568	10,9731	10,4113	9,64441	8,799	7,77137	6,57225	5,28226	4,19472	3,26051	2,36093	1,75006	1,3956	1,09287	1,083	0,991931	1,00362	0,902191	0,913655	0,915324	0,990925	1,01958	0,997991	1,05513	1,04346	1,12828	1,10698	1,10034	1,16673	1,18726	1,22486	1,16114	1,21574	1,26116	1,23407	1,33354	1,34243	1,37613	1,32666	1,4722
290,5	11,6167	11,4396	11,0638	10,4875	9,71902	8,87715	7,84034	6,6312	5,30226	4,22319	3,2656	2,37685	1,747	1,39927	1,10749	1,05632	1,00405	1,03724	0,927136	0,912316	0,947562	1,0116	1,06925	1,01793	1,08943	1,11959	1,14698	1,15303	1,12249	1,21875	1,21109	1,31408	1,20297	1,26095	1,31546	1,2865	1,38323	1,41377	1,45282	1,40156	1,52854
290	11,6731	11,5035	11,1473	10,552	9,78194	8,92387	7,88603	6,64696	5,3407	4,24911	3,26564	2,39163	1,75923	1,40938	1,1101	1,05678	1,02705	1,0197	0,956437	0,961464	0,963872	1,03136	1,09576	1,0268	1,11435	1,15744	1,16199	1,19156	1,15204	1,2634	1,24362	1,3712	1,28466	1,31694	1,364	1,34897	1,43415	1,47029	1,52355	1,47862	1,61353
289,5	11,7124	11,5293	11,2014	10,6013	9,83562	8,9605	7,90029	6,67793	5,36237	4,27722	3,2704	2,38918	1,74478	1,38405	1,1225	1,08138	1,04715	1,02214	0,948973	0,981218	0,983557	1,05593	1,12537	1,06761	1,12804	1,1896	1,20244	1,2039	1,20024	1,31593	1,28637	1,41518	1,31256	1,35717	1,41958	1,40899	1,48602	1,52498	1,60591	1,5534	1,66734
289	11,7537	11,5699	11,2172	10,6289	9,86363	8,95992	7,92475	6,7027	5,39653	4,29689	3,25123	2,37403	1,7147	1,38024	1,14856	1,09436	1,05009	1,0285	0,970493	1,00228	1,04297	1,07399	1,15221	1,11899	1,16023	1,19723	1,22717	1,242	1,26726	1,39433	1,33106	1,45427	1,39178	1,4056	1,4757	1,49021	1,52415	1,59444	1,66232	1,62379	1,73134
288,5	11,7773	11,5826	11,2333	10,652	9,90178	8,96838	7,95203	6,70932	5,43165	4,28419	3,24744	2,37048	1,71658	1,38913	1,14274	1,10324	1,03374	1,04826	0,959888	1,00643	1,07425	1,09472	1,17764	1,13082	1,2081	1,24811	1,25928	1,30144	1,31889	1,44151	1,41008	1,48909	1,43935	1,46566	1,52242	1,56801	1,57067	1,67862	1,70558	1,68492	1,8096
288	11,7781	11,5646	11,2079	10,6287	9,90183	8,96613	7,97761	6,68949	5,42681	4,28618	3,23315	2,35026	1,72249	1,35711	1,13793	1,10791	1,01208	1,06296	0,997271	1,00347	1,13119	1,10786	1,20357	1,15251	1,24525	1,28678	1,30658	1,34066	1,36732	1,45161	1,45303	1,52138	1,52266	1,51895	1,57145	1,6533	1,62608	1,76261	1,7795	1,76882	1,86707
287,5	11,7482	11,5582	11,1705	10,6272	9,87217	8,96659	7,97271	6,6855	5,42457	4,24972	3,21339	2,33219	1,69718	1,36587	1,13536	1,09862	1,01268	1,0724	1,0011	1,0174	1,1606	1,12689	1,22254	1,19122	1,2633	1,30701	1,3516	1,36911	1,40927	1,48544	1,48361	1,60821	1,57909	1,56087	1,61688	1,72345	1,6905	1,84315	1,86662	1,85879	1,94835
287	11,7046	11,5548	11,1484	10,6094	9,84696	8,9524	7,93271	6,64517	5,42611	4,23283	3,21737	2,30356	1,69657	1,35474	1,13913	1,09936	0,995401	1,06324	1,01511	1,00905	1,15939	1,13491	1,24662	1,23164	1,27939	1,3463	1,38579	1,41526	1,47645	1,54009	1,52582	1,65814	1,65049	1,60194	1,6614	1,79172	1,74528	1,91611	1,93905	1,9202	2,0178
286,5	11,6318	11,5123	11,0953	10,5664	9,79873	8,90956	7,90331	6,6372	5,38533	4,20839	3,19082	2,27801	1,7081	1,36165	1,11754	1,07115	0,966536	1,04669	1,0376	1,03817	1,16459	1,18331	1,2747	1,26428	1,29462	1,39599	1,4259	1,43077	1,52003	1,5992	1,57936	1,65267	1,71012	1,64468	1,6882	1,85693	1,79334	1,96445	1,9847	2,01274	2,07259
286	11,5521	11,4375	11,0301	10,495	9,74602	8,83881	7,87208	6,59996	5,3435	4,18742	3,15077	2,2609	1,69088	1,36863	1,13206	1,07506	0,939072	1,03346	1,04601	1,04743	1,20488	1,21003	1,30376	1,30435	1,31675	1,42929	1,44803	1,48973	1,56872	1,66179	1,64013	1,68592	1,74538	1,72229	1,71002	1,89913	1,86047	1,98856	2,03132	2,08096	2,13293
285,5	11,4923	11,3175	10,941	10,4185	9,67902	8,78991	7,80493	6,56437	5,31307	4,14026	3,12384	2,26937	1,66507	1,35812	1,14525	1,06598	0,962575	1,03669	1,05711	1,0901	1,21802	1,2333	1,3303	1,33916	1,33177	1,45681	1,45502	1,53493	1,57967	1,68572	1,69755	1,72242	1,81174	1,80426	1,78554	1,95707	1,9199	2,04883	2,07151	2,14885	2,21104
285	11,4034	11,2152	10,825	10,3135	9,60764	8,67282	7,74758	6,49954	5,25962	4,09328	3,06715	2,21766	1,63958	1,34683	1,15118	1,05936	0,974675	1,05175	1,07727	1,09355	1,23053	1,24541	1,32884	1,3811	1,3588	1,5006	1,51087	1,56139	1,61255	1,71211	1,72878	1,77194	1,8519	1,8567	1,84767	1,99085	1,95777	2,10541	2,11369	2,2116	2,24941
284,5	11,2845	11,0973	10,7037	10,1706	9,5114	8,59261	7,65393	6,38865	5,19264	4,03718	3,02327	2,17249	1,59586	1,32213	1,14865	1,05631	0,962359	1,03388	1,10436	1,10575	1,22299	1,27172	1,34759	1,40153	1,41997	1,52351	1,56091	1,59418	1,65898	1,75401	1,76227	1,84128	1,89022	1,89471	1,8991	2,03423	2,00892	2,1594	2,16742	2,27085	2,31929
284	11,1617	10,9744	10,6079	10,0629	9,43342	8,48497	7,58046	6,31872	5,11615	4,00472	2,99141	2,11896	1,57697	1,29275	1,12252	1,06368	0,973793	1,05467	1,09897	1,10211	1,20721	1,28413	1,33197	1,42252	1,45531	1,52277	1,59188	1,61123	1,70093	1,78977	1,79849	1,8706	1,9578	1,94891	1,95096	2,06828	2,04092	2,21791	2,20655	2,30533	2,4087
283,5	11,0511	10,8417	10,5058	9,95137	9,32788	8,36686	7,50537	6,22869	5,05824	3,95761	2,94131	2,07592	1,53208	1,25985	1,11381	1,07413	0,983179	1,0473	1,1083	1,13248	1,22072	1,29882	1,33585	1,43242	1,45733	1,5645	1,62796	1,63712	1,70633	1,81454	1,8511	1,92069	1,98319	2,00306	1,99344	2,12197	2,11889	2,26876	2,26444	2,36496	2,44361
283	10,9003	10,7064	10,3963	9,83272	9,2026	8,26649	7,4238	6,12504	5,00395	3,91426	2,91584	2,08746	1,52654	1,24883	1,10616	1,04912	0,989818	1,04678	1,11102	1,13562	1,22811	1,3104	1,37355	1,44877	1,50141	1,60346	1,64628	1,67476	1,74174	1,80848	1,89499	1,9836	2,02307	2,05898	2,07171	2,16435	2,15395	2,33324	2,30909	2,41178	2,50559
282,5	10,7472	10,5523	10,249	9,70919	9,07454	8,17344	7,32651	6,0194	4,92156	3,85161	2,89909	2,05854	1,52751	1,25633	1,07599	1,03023	1,00857	1,06717	1,16123	1,11349	1,20794	1,32076	1,40419	1,46739	1,54086	1,63721	1,69598	1,72735	1,77264	1,81297	1,91739	2,00437	2,07577	2,09859	2,14196	2,17969	2,20327	2,35621	2,34864	2,45738	2,57307
282	10,586	10,4132	10,1229	9,57915	8,93821	8,04196	7,19836	5,91296	4,82692	3,81638	2,84446	2,04855	1,54525	1,24593	1,07686	1,04745	1,03793	1,09349	1,20929	1,14634	1,19992	1,32272	1,42294	1,46732	1,57415	1,65349	1,73543	1,76105	1,81938	1,83704	1,94116	2,06367	2,12145	2,15173	2,17199	2,19725	2,23563	2,391	2,41279	2,48385	2,62852
281,5	10,4205	10,263	9,99025	9,46652	8,82711	7,93836	7,10126	5,82413	4,79297	3,77275	2,774	2,02989	1,53855	1,25126	1,09114	1,05679	1,06081	1,09923	1,22042	1,20565	1,20932	1,3344	1,46859	1,50063	1,59722	1,64985	1,76575	1,78279	1,85287	1,87758	1,97393	2,13042	2,14352	2,19021	2,20233	2,2383	2,27905	2,41386	2,45138	2,5337	2,69174
281	10,2652	10,141	9,8724	9,35585	8,71836	7,80149	6,9916	5,69795	4,72523	3,72224	2,72781	2,0235	1,5218	1,24032	1,08692	1,07542	1,0794	1,10445	1,22611	1,2338	1,20805	1,3876	1,47805	1,55064	1,64591	1,70334	1,77001	1,81065	1,90011	1,92035	2,02744	2,13662	2,19111	2,22676	2,23492	2,25358	2,31214	2,42766	2,51168	2,5746	2,71745
280,5	10,1263	9,93951	9,71767	9,23824	8,59036	7,65855	6,90452	5,62733	4,66457	3,70214	2,68463	1,99783	1,53045	1,23623	1,09599	1,0846	1,08284	1,14457	1,25152	1,27506	1,23079	1,41264	1,51255	1,59455	1,68121	1,74299	1,78935	1,86483	1,92637	1,95086	2,04442	2,16507	2,21287	2,2733	2,25948	2,27059	2,35523	2,45928	2,53631	2,61181	2,73607
280	9,9697	9,7798	9,58432	9,12883	8,48503	7,59519	6,82154	5,57231	4,58291	3,65559	2,63855	1,99174	1,53031	1,25184	1,11058	1,11127	1,12506	1,18024	1,25415	1,30187	1,28114	1,42428	1,57217	1,60422	1,75945	1,77348	1,84348	1,90356	1,92764	1,9705	2,05998	2,2041	2,2252	2,32462	2,35119	2,32109	2,36985	2,50674	2,59756	2,62791	2,7706
279,5	9,85209	9,64355	9,45394	9,02049	8,37183	7,52142	6,72913	5,5153	4,52491	3,63495	2,60152	1,9477	1,5239	1,22976	1,12513	1,10565	1,18271	1,21788	1,28406	1,33676	1,28724	1,45912	1,58353	1,61835	1,7915	1,7806	1,89317	1,93473	1,96247	1,94658	2,10115	2,26485	2,29171	2,36422	2,42682	2,37829	2,40795	2,55433	2,63926	2,67221	2,81314
279	9,72362	9,55167	9,34706	8,93549	8,26244	7,46839	6,63319	5,44336	4,47457	3,62442	2,59443	1,92521	1,5185	1,21494	1,1059	1,11805	1,20139	1,26785	1,33331	1,35707	1,36262	1,47428	1,60213	1,64996	1,82607	1,78836	1,93209	1,94412	1,99227	1,97688	2,13712	2,2881	2,31717	2,37123	2,44907	2,39946	2,44838	2,60674	2,66419	2,7592	2,83813
278,5	9,57105	9,44275	9,22676	8,86132	8,19656	7,42934	6,55628	5,39941	4,42042	3,59167	2,60601	1,94254	1,54459	1,26678	1,12735	1,13112	1,18114	1,25961	1,34416	1,38897	1,4068	1,48901	1,65947	1,68301	1,83636	1,82832	1,95987	1,95116	2,04878	2,0172	2,15884	2,32784	2,35796	2,38955	2,449	2,42954	2,46667	2,63596	2,71037	2,8399	2,87805
278	9,43412	9,3287	9,1105	8,81095	8,10606	7,3737	6,5306	5,39763	4,4269	3,57827	2,61058	1,96785	1,5999	1,25866	1,16714	1,17209	1,22455	1,26887	1,35045	1,41976	1,42714	1,50954	1,68477	1,73874	1,82509	1,8515	1,9828	2,01302	2,0628	2,06449	2,21986	2,34286	2,36861	2,40255	2,50544	2,46677	2,50506	2,67519	2,76483	2,8608	2,89693
277,5	9,32716	9,22815	8,99898	8,75265	8,04164	7,30552	6,48146	5,32519	4,37927	3,56487	2,61117	1,97589	1,62409	1,31738	1,24437	1,1939	1,24652	1,25263	1,40095	1,44901	1,4835	1,51911	1,71313	1,81995	1,81842	1,89858	2,00626	2,06321	2,0969	2,08343	2,25134	2,37033	2,39794	2,40999	2,56222	2,50915	2,55346	2,65733	2,81367	2,89063	2,9279
277	9,21748	9,14451	8,90844	8,67819	7,96376	7,24538	6,42872	5,3022	4,3639	3,54877	2,62443	2,01104	1,67284	1,37343	1,27885	1,20386	1,27804	1,29206	1,45632	1,46023	1,53438	1,56642	1,76738	1,86153	1,83911	1,89002	2,02376	2,09128	2,15547	2,13816	2,27744	2,40148	2,43576	2,42337	2,60941	2,54701	2,55601	2,68113	2,82504	2,92588	2,95959
276,5	9,13138	9,08094	8,78291	8,60226	7,9394	7,18334	6,38035	5,28126	4,33147	3,54307	2,63686	2,03197	1,70986	1,42414	1,32684	1,25911	1,2941	1,36858	1,51611	1,46366	1,56669	1,60478	1,76446	1,88596	1,89023	1,90256	2,03494	2,13705	2,17936	2,19861	2,32054	2,40556	2,44464	2,45058	2,62633	2,54875	2,57367	2,69432	2,85536	2,9473	2,97527
276	9,0669	9,02987	8,72262	8,53143	7,88695	7,14501	6,34395	5,26769	4,3673	3,55788	2,64213	2,04662	1,75605	1,46836	1,40538	1,3197	1,3321	1,40403	1,53271	1,51545	1,59739	1,66074	1,76477	1,94025	1,93251	1,9321	2,06454	2,11953	2,23671	2,26385	2,36236	2,4172	2,42748	2,4591	2,63791	2,57716	2,60076	2,69301	2,87151	2,9723	2,99961
275,5	9,02963	8,94582	8,65244	8,4812	7,84767	7,1517	6,32758	5,26916	4,39274	3,55868	2,70249	2,07522	1,75709	1,4884	1,46512	1,33476	1,36322	1,43657	1,55658	1,56474	1,65937	1,72746	1,74596	1,96461	1,95523	1,97162	2,08243	2,14459	2,25476	2,32074	2,39308	2,45776	2,43241	2,44997	2,65635	2,62416	2,64782	2,70494	2,91795	2,99596	3,02397
275	8,96885	8,89	8,58092	8,41303	7,78437	7,13497	6,34325	5,30097	4,39534	3,57027	2,75076	2,12954	1,74108	1,53933	1,50058	1,36637	1,38468	1,46752	1,57543	1,57116	1,69824	1,77472	1,7678	1,98359	2,00108	2,00107	2,10741	2,1758	2,26866	2,31827	2,42147	2,46257	2,43194	2,49543	2,66002	2,66354	2,68052	2,70308	2,92975	3,02398	3,0675
274,5	8,90027	8,83828	8,51375	8,31911	7,76027	7,09059	6,33295	5,34108	4,37496	3,59092	2,7942	2,15139	1,78237	1,58652	1,56411	1,39744	1,41866	1,50471	1,60875	1,59377	1,71765	1,80342	1,80364	1,98295	2,0354	2,03026	2,17919	2,20376	2,28653	2,34046	2,45154	2,46322	2,44342	2,52603	2,68297	2,69867	2,71289	2,70384	2,94065	2,98635	3,08109
274	8,86806	8,78406	8,4329	8,28236	7,70387	7,10573	6,31266	5,37069	4,39766	3,59007	2,84221	2,23029	1,83378	1,65673	1,60513	1,48442	1,46102	1,55533	1,64538	1,60503	1,73866	1,8418	1,8689	1,97693	2,03871	2,02951	2,22681	2,18355	2,30181	2,36468	2,47448	2,44244	2,43097	2,51493	2,70248	2,69526	2,73492	2,66507	2,92333	2,98002	3,0926
273,5	8,81301	8,75956	8,41086	8,21938	7,61746	7,06138	6,30739	5,41088	4,42667	3,63292	2,87745	2,28089	1,87375	1,71562	1,66914	1,5234	1,50813	1,58865	1,71302	1,6411	1,76445	1,88094	1,86434	1,99769	2,05401	2,05199	2,25219	2,15029	2,38345	2,36744	2,46937	2,44924	2,45839	2,52656	2,66288	2,688	2,78536	2,67444	2,9574	2,99071	3,0927
273	8,74488	8,73391	8,34331	8,14947	7,57765	7,04501	6,33952	5,41544	4,48815	3,69691	2,92781	2,35107	1,91984	1,78852	1,69441	1,56695	1,55579	1,62911	1,75958	1,65284	1,79494	1,88685	1,88491	2,03007	2,04043	2,06974	2,2325	2,15759	2,42462	2,37906	2,47844	2,45017	2,43371	2,52686	2,64276	2,67188	2,77798	2,64007	2,93398	2,99487	3,07525
272,5	8,67851	8,64371	8,32125	8,10017	7,58139	7,01017	6,37278	5,4788	4,54602	3,73384	2,9977	2,39109	1,97429	1,88877	1,75336	1,60849	1,57363	1,69136	1,79889	1,67747	1,83428	1,89554	1,92508	2,06514	2,08182	2,13752	2,23833	2,18249	2,42599	2,43078	2,46995	2,40762	2,46	2,49772	2,59803	2,62776	2,74357	2,58388	2,93179	2,89892	3,03274
272	8,62232	8,56862	8,27115	8,02633	7,54202	6,99001	6,43395	5,4823	4,58969	3,82172	3,03297	2,4722	2,0207	1,93328	1,81866	1,71838	1,66506	1,75574	1,86211	1,72869	1,85484	1,94127	1,93158	2,07092	2,12461	2,17893	2,24246	2,21633	2,45647	2,43413	2,45757	2,40183	2,43785	2,48438	2,60812	2,63937	2,71841	2,56244	2,91064	2,84018	2,94082
271,5	8,57425	8,50236	8,24904	7,92996	7,53492	6,96968	6,4463	5,46776	4,62639	3,90104	3,05736	2,55996	2,04812	2,02788	1,89069	1,77013	1,71784	1,85543	1,93579	1,78843	1,92133	1,98821	1,98085	2,07743	2,16003	2,18877	2,22625	2,2079	2,49143	2,38215	2,43674	2,39075	2,43344	2,49085	2,5297	2,61298	2,68626	2,5275	2,87501	2,76845	2,91975
271	8,50317	8,40899	8,19233	7,84196	7,52448	6,98082	6,41245	5,50865	4,69225	3,91654	3,13305	2,64007	2,11365	2,10252	1,9445	1,83776	1,7917	1,95145	1,99344	1,85598	2,00488	2,06761	2,03475	2,05147	2,23534	2,20319	2,20726	2,20664	2,5146	2,37301	2,44508	2,38608	2,42739	2,48403	2,45469	2,62082	2,62494	2,53024	2,83095	2,75926	2,87125
270,5	8,43548	8,33004	8,12349	7,75442	7,45585	6,95753	6,40913	5,5504	4,72069	3,99866	3,19869	2,73709	2,16757	2,14322	2,03706	1,92965	1,89856	2,02699	2,06949	1,90354	2,01477	2,09017	2,01457	2,06229	2,28878	2,22284	2,27325	2,20282	2,53768	2,34557	2,44689	2,33205	2,40919	2,45254	2,39908	2,58116	2,61041	2,49217	2,75722	2,62894	2,82263
270	8,34889	8,24846	8,05207	7,68862	7,42589	6,96663	6,41758	5,57771	4,79976	4,05886	3,24737	2,81376	2,23464	2,21798	2,083	2,01277	1,94518	2,04643	2,13923	1,96934	2,05023	2,0883	2,06415	2,08601	2,29507	2,22361	2,30901	2,18395	2,56102	2,27945	2,43658	2,31024	2,39644	2,43723	2,34611	2,5523	2,54546	2,4478	2,65568	2,56905	2,79983
269,5	8,21879	8,1702	7,95877	7,64321	7,39012	6,93432	6,39795	5,60635	4,84252	4,12357	3,32311	2,9039	2,35201	2,29751	2,14729	2,09032	2,05214	2,09897	2,17944	2,04711	2,10126	2,11657	2,08168	2,11035	2,28386	2,22218	2,31558	2,18984	2,55164	2,24018	2,40019	2,29595	2,4044	2,40623	2,2641	2,49836	2,50698	2,39144	2,61169	2,52088	2,73621
269	8,0622	8,08309	7,88011	7,52848	7,31776	6,89459	6,37475	5,61591	4,88603	4,18355	3,38234	2,96927	2,40225	2,36828	2,25043	2,15276	2,11952	2,1579	2,21333	2,09823	2,18144	2,13211	2,16468	2,10428	2,27295	2,28047	2,31434	2,19284	2,55626	2,1727	2,38906	2,26573	2,3679	2,36285	2,18252	2,44008	2,46312	2,34886	2,54062	2,45684	2,65807
268,5	7,9221	7,98632	7,77505	7,45611	7,25832	6,83575	6,33002	5,62572	4,90149	4,2413	3,45501	3,05775	2,53986	2,46142	2,33512	2,23117	2,20601	2,23035	2,25244	2,13173	2,20926	2,18222	2,21388	2,12343	2,27623	2,33359	2,27384	2,17706	2,50125	2,14552	2,35626	2,20034	2,33227	2,29386	2,12903	2,37598	2,3773	2,26345	2,44019	2,37656	2,55149
268	7,81354	7,86342	7,68675	7,42066	7,19142	6,85046	6,29435	5,61725	4,947	4,26762	3,53369	3,11826	2,68748	2,54246	2,39301	2,35202	2,34313	2,2922	2,27048	2,15886	2,19859	2,18591	2,26726	2,17328	2,25446	2,32378	2,24103	2,18998	2,50568	2,13461	2,30886	2,14457	2,32187	2,22154	2,05141	2,29732	2,27135	2,20328	2,34266	2,30241	2,44978
267,5	7,6688	7,74021	7,60682	7,37068	7,11605	6,82224	6,27132	5,6387	4,98543	4,3903	3,60913	3,21209	2,77532	2,60994	2,51148	2,45437	2,41712	2,33701	2,32574	2,23859	2,21936	2,21222	2,31304	2,18891	2,27814	2,35032	2,26121	2,16148	2,48763	2,12091	2,25512	2,16524	2,28741	2,14043	2,00763	2,23259	2,17574	2,13214	2,23596	2,21396	2,38159
267	7,53875	7,61606	7,44791	7,25254	7,08201	6,78557	6,2936	5,62288	5,01877	4,48322	3,68729	3,30719	2,86065	2,68444	2,62437	2,52236	2,49138	2,45404	2,36972	2,29776	2,27996	2,28608	2,328	2,19252	2,26171	2,30454	2,24871	2,15999	2,43807	2,07748	2,29682	2,17659	2,25075	2,07409	1,96514	2,15229	2,06178	2,00588	2,0831	2,12076	2,26547
266,5	7,41933	7,4227	7,29356	7,14912	6,99485	6,68716	6,26627	5,64601	5,02711	4,50439	3,79236	3,40684	2,97608	2,77982	2,6849	2,59513	2,5647	2,57189	2,41773	2,37489	2,31257	2,29501	2,33194	2,23548	2,26758	2,31173	2,22775	2,17702	2,35776	2,03995	2,24483	2,15777	2,20839	2,0086	1,88346	2,07444	1,98814	1,94982	2,00697	1,99125	2,10559
266	7,23154	7,2393	7,12941	6,97431	6,90216	6,58646	6,168	5,655	5,07111	4,57876	3,85006	3,53288	3,09099	2,82876	2,7811	2,68315	2,65981	2,59231	2,44562	2,39492	2,34701	2,31361	2,36885	2,27325	2,21586	2,2879	2,21931	2,17126	2,35238	1,978	2,21094	2,13696	2,09172	1,98469	1,82389	2,03726	1,90771	1,89335	1,93179	1,91042	1,99409
265,5	7,08193	7,06621	6,9614	6,79909	6,81352	6,5058	6,06225	5,6515	5,11624	4,67572	3,94644	3,6342	3,16915	2,92642	2,87874	2,70647	2,73384	2,66844	2,4932	2,45099	2,36572	2,35777	2,42668	2,30733	2,17315	2,27635	2,19989	2,15906	2,30013	1,899	2,13163	2,08666	2,00888	1,95846	1,76013	1,98275	1,86229	1,76688	1,83182	1,79838	1,93675
265	6,92819	6,91466	6,77299	6,65433	6,69896	6,3995	5,97514	5,62739	5,11379	4,71552	4,05385	3,73995	3,28856	3,02214	2,98591	2,74144	2,8264	2,71041	2,5201	2,43236	2,41411	2,4032	2,46419	2,30498	2,22655	2,27364	2,22875	2,11319	2,20485	1,89703	2,1016	1,97598	1,95707	1,93445	1,72529	1,8893	1,80319	1,6696	1,65367	1,65405	1,81688
264,5	6,74302	6,76977	6,6112	6,54433	6,55809	6,28882	5,95183	5,65848	5,11635	4,73409	4,09863	3,83937	3,38579	3,09743	3,0836	2,83537	2,87399	2,78807	2,59865	2,46965	2,41506	2,41699	2,48203	2,37341	2,23016	2,26861	2,19853	2,0862	2,13947	1,90138	2,04726	1,89462	1,86493	1,8907	1,69935	1,73484	1,74358	1,61694	1,53986	1,58534	1,67264
264	6,54802	6,61266	6,41022	6,41391	6,43708	6,16292	5,90709	5,64674	5,13637	4,78172	4,13258	3,94037	3,52472	3,1945	3,13633	2,97365	2,91511	2,88502	2,63341	2,50905	2,44229	2,41062	2,55974	2,38805	2,18621	2,24924	2,12295	2,03224	2,08874	1,85813	1,96089	1,87102	1,76539	1,82402	1,58213	1,66114	1,62365	1,5032	1,44562	1,53894	1,58059
263,5	6,33461	6,44253	6,23711	6,28128	6,33433	6,05963	5,89009	5,64161	5,14675	4,84401	4,235	4,06354	3,63081	3,33203	3,27251	3,06681	3,00015	2,97459	2,66511	2,60578	2,51544	2,47387	2,6066	2,38172	2,1761	2,22643	2,04976	2,06	2,04024	1,88397	1,90132	1,80229	1,68246	1,72987	1,53105	1,54993	1,54222	1,4347	1,37398	1,44824	1,41708
263	6,17953	6,20864	6,05708	6,10318	6,17866	5,94457	5,84432	5,66464	5,16318	4,91065	4,35473	4,16548	3,76328	3,43717	3,35411	3,14881	3,08366	3,05824	2,72711	2,66058	2,58392	2,46163	2,66534	2,40586	2,21841	2,21855	2,03326	2,0497	1,97886	1,8401	1,89472	1,75901	1,63246	1,63798	1,48343	1,4682	1,50857	1,35058	1,22955	1,37519	1,30898
262,5	6,04826	6,04815	5,89614	5,95587	6,0727	5,87982	5,8517	5,67992	5,17012	4,96762	4,39537	4,27185	3,92355	3,5466	3,42907	3,29701	3,1489	3,08516	2,79187	2,71987	2,61373	2,53787	2,67243	2,44196	2,19896	2,22069	2,0319	1,98754	1,92939	1,81252	1,81823	1,71429	1,53918	1,62612	1,42454	1,38692	1,39912	1,2658	1,16764	1,24731	1,15955
262	5,88865	5,86612	5,73211	5,82921	5,9356	5,78326	5,82864	5,6915	5,20512	5,00093	4,49749	4,37969	4,03455	3,69753	3,492	3,46038	3,2071	3,19558	2,90255	2,73087	2,64474	2,5633	2,69774	2,47782	2,1758	2,1425	2,05664	1,96143	1,90702	1,77813	1,77518	1,68781	1,50893	1,5453	1,39872	1,33153	1,32262	1,17207	1,04259	1,14118	1,00659
261,5	5,7149	5,65265	5,60985	5,67129	5,86605	5,6509	5,81552	5,66998	5,28104	5,11381	4,59781	4,48964	4,09672	3,83296	3,59062	3,57012	3,27178	3,25467	3,02998	2,78426	2,75961	2,61886	2,70979	2,4815	2,19846	2,17232	2,04413	1,94684	1,86763	1,72883	1,7096	1,72009	1,44475	1,50388	1,38459	1,1835	1,30206	1,14491	0,955238	1,019	0,875555
261	5,56335	5,40231	5,44842	5,49103	5,72079	5,53745	5,76952	5,68574	5,30982	5,19229	4,64729	4,5856	4,14182	3,92601	3,68038	3,62233	3,35045	3,29702	3,0707	2,8648	2,85948	2,7023	2,70677	2,49675	2,17654	2,15148	1,92221	1,93071	1,82151	1,65215	1,62379	1,67868	1,40163	1,49513	1,337	1,09021	1,24178	1,02689	0,861778	0,965878	0,725907
260,5	5,38147	5,23511	5,28978	5,34226	5,60833	5,4742	5,67634	5,63274	5,34135	5,22985	4,66916	4,65029	4,25305	4,03628	3,75551	3,66832	3,44048	3,32668	3,12651	2,92012	2,90979	2,72981	2,66991	2,4857	2,17913	2,19232	1,88818	1,95978	1,7856	1,64631	1,46338	1,56049	1,31666	1,44093	1,30796	1,03652	1,08407	0,949841	0,817156	0,880844	0,633676
260	5,20235	5,05836	5,15464	5,19738	5,56913	5,42218	5,57031	5,58854	5,36761	5,26511	4,78934	4,72737	4,38144	4,14488	3,89407	3,72727	3,52624	3,35779	3,17571	2,97153	2,95851	2,74577	2,69108	2,47186	2,18887	2,19279	1,88174	1,98252	1,72978	1,60441	1,42392	1,46124	1,30911	1,36559	1,25459	1,06794	0,952235	0,848742	0,720622	0,822694	0,504117
259,5	5,09063	4,92291	5,03619	5,11795	5,47582	5,36007	5,50655	5,57791	5,38606	5,28522	4,87294	4,76757	4,4545	4,24993	4,04978	3,81349	3,59594	3,42569	3,23553	3,02219	3,02164	2,84603	2,71389	2,42903	2,17314	2,19292	1,85707	1,92945	1,63182	1,56807	1,38885	1,37247	1,34296	1,25214	1,22549	0,983988	0,815265	0,774908	0,642628	0,671058	0,402901
259	4,96152	4,79757	4,94511	5,04628	5,35822	5,27536	5,46235	5,59219	5,3568	5,28884	4,88535	4,78341	4,5393	4,33789	4,08754	3,94295	3,66672	3,44504	3,25558	3,07378	3,06795	2,84205	2,65178	2,38193	2,21286	2,18003	1,84388	1,91603	1,57018	1,55549	1,30064	1,2886	1,33908	1,16241	1,16647	0,84152	0,709475	0,728946	0,549531	0,608075	0,33688
258,5	4,8157	4,67499	4,81859	4,99299	5,22113	5,22511	5,42538	5,6346	5,39567	5,30997	4,92917	4,83736	4,62787	4,32296	4,17031	4,07728	3,72673	3,48649	3,31285	3,15971	3,11187	2,87313	2,65576	2,388	2,18633	2,14763	1,78527	1,90166	1,54104	1,52043	1,25534	1,27769	1,26716	1,03146	1,10308	0,754884	0,580656	0,716157	0,521914	0,553365	0,254253
258	4,7105	4,57324	4,7529	4,90429	5,14007	5,17358	5,40501	5,57229	5,3529	5,33753	4,98425	4,82765	4,66169	4,39461	4,2217	4,16276	3,7639	3,51969	3,34888	3,15663	3,04685	2,87013	2,60493	2,36898	2,13682	2,13614	1,74525	1,84229	1,55712	1,42443	1,23303	1,25668	1,20642	0,856932	1,03264	0,763266	0,534967	0,56224	0,505133	0,399132	0,176738
257,5	4,56398	4,42824	4,71813	4,82367	5,04659	5,08375	5,34482	5,53233	5,36351	5,39677	5,04164	4,83432	4,62671	4,47033	4,31531	4,17178	3,81407	3,49782	3,28493	3,17374	3,01181	2,83076	2,56404	2,31749	2,13247	2,0959	1,72748	1,8107	1,53085	1,36175	1,19024	1,19285	1,10308	0,754435	0,97013	0,72053	0,448564	0,507062	0,416432	0,271424	0,00848045
257	4,51253	4,32208	4,62136	4,73521	4,92565	4,99893	5,2447	5,4893	5,30694	5,3476	5,06036	4,79438	4,62414	4,41879	4,27575	4,14356	3,81104	3,43601	3,27649	3,11844	2,98516	2,81669	2,50675	2,28322	2,07087	2,09222	1,65573	1,77376	1,48225	1,32302	1,15226	1,08588	1,04102	0,709451	0,916119	0,645221	0,320153	0,409402	0,298824	0,0970123	-0,107828
256,5	4,40047	4,24444	4,5221	4,66474	4,83174	4,93896	5,15407	5,40656	5,22356	5,26251	5,0063	4,8215	4,58722	4,44463	4,23249	4,13714	3,78527	3,34785	3,24177	3,0634	2,94097	2,77344	2,39469	2,23803	1,98919	2,04135	1,63663	1,72401	1,41558	1,28594	1,05138	0,987663	0,920401	0,641858	0,761752	0,544199	0,185899	0,355189	0,212488	-0,0453457	-0,229742
256	4,26603	4,13653	4,39958	4,56887	4,68442	4,80811	5,05066	5,31736	5,13317	5,19203	4,97317	4,75391	4,51761	4,40782	4,23748	4,05288	3,77017	3,33155	3,16006	3,03371	2,82538	2,72366	2,35738	2,23386	1,94099	1,99254	1,55578	1,68687	1,30036	1,21306	0,980956	0,903886	0,859296	0,6106	0,684216	0,406709	0,0884529	0,276663	0,10604	-0,141217	-0,239128
255,5	4,13487	3,93996	4,27895	4,47403	4,6199	4,77734	4,87691	5,25144	5,07331	5,08348	4,85906	4,67178	4,51267	4,36921	4,14505	3,9652	3,77834	3,2918	3,04691	3,01711	2,7437	2,61621	2,25232	2,1652	1,8746	1,86188	1,45223	1,58032	1,20177	1,13657	0,922132	0,77872	0,796323	0,543257	0,604733	0,258832	-0,0662281	0,238262	-0,0164307	-0,290165	-0,28383
255	3,99955	3,81272	4,14791	4,38858	4,50126	4,68405	4,71108	5,12339	4,98894	4,92801	4,69906	4,61536	4,48389	4,2286	4,09278	3,89905	3,72465	3,23077	2,98627	2,9674	2,6339	2,51984	2,19738	2,08129	1,77794	1,78859	1,37447	1,47454	1,06316	1,08984	0,871065	0,648134	0,669195	0,428112	0,504317	0,177352	-0,216164	0,11599	-0,0718502	-0,41344	-0,395241
254,5	3,89003	3,77159	4,05732	4,28276	4,37983	4,57705	4,55441	4,92218	4,85489	4,75197	4,56917	4,53883	4,38571	4,16387	4,05331	3,72622	3,62772	3,19193	2,86915	2,8912	2,54095	2,3734	2,06761	1,98834	1,68945	1,66746	1,33231	1,28799	0,955843	0,965018	0,758994	0,545905	0,530714	0,302031	0,371507	0,0783707	-0,371873	0,0496956	-0,171753	-0,507658	-0,50906
254	3,78458	3,69818	3,93817	4,15408	4,22964	4,4053	4,39671	4,81151	4,73075	4,59885	4,50389	4,3591	4,26044	4,03769	3,9529	3,60937	3,52126	3,11163	2,78119	2,76067	2,46401	2,21708	1,98704	1,85077	1,58619	1,57249	1,29545	1,14723	0,899927	0,862394	0,735278	0,426568	0,396383	0,182985	0,23632	0,0125034	-0,411813	-0,0682171	-0,291986	-0,544616	-0,581696
253,5	3,67862	3,63458	3,84424	4,05852	4,06095	4,23594	4,28094	4,69063	4,63528	4,43563	4,40932	4,25414	4,11027	3,89397	3,74237	3,53111	3,41269	2,94762	2,65915	2,65112	2,30546	2,0792	1,92231	1,69454	1,49547	1,41361	1,19062	0,992894	0,782203	0,813798	0,610438	0,395574	0,234655	0,0713875	0,0947037	-0,126577	-0,452317	-0,179408	-0,419953	-0,639065	-0,635633
253	3,55196	3,52162	3,71415	3,92839	3,861	4,11363	4,1142	4,48844	4,44641	4,27371	4,20432	4,05164	3,92846	3,71435	3,55007	3,36147	3,22998	2,82345	2,54653	2,49304	2,16125	1,92322	1,80997	1,57272	1,43006	1,24854	1,0443	0,835809	0,726155	0,749165	0,453098	0,303388	0,0838512	0,0263805	-0,0300808	-0,227235	-0,58006	-0,344537	-0,493521	-0,753807	-0,742207
252,5	3,41873	3,40546	3,63159	3,77499	3,7037	3,98838	3,95955	4,25032	4,22619	4,06185	4,0136	3,84766	3,76287	3,56002	3,42137	3,13537	3,02652	2,66208	2,37812	2,27335	1,99886	1,76066	1,642	1,42757	1,29734	1,10648	0,887571	0,612935	0,533283	0,664137	0,374653	0,23027	-0,0388012	-0,0685383	-0,128387	-0,336595	-0,69443	-0,463568	-0,61806	-0,816814	-0,812628
252	3,33886	3,30216	3,51742	3,60491	3,53678	3,79757	3,80229	4,01366	3,99925	3,79541	3,79505	3,67861	3,57812	3,40148	3,19474	2,85437	2,83361	2,48875	2,19235	2,08476	1,79502	1,58545	1,43848	1,28494	1,13969	0,992435	0,775726	0,451744	0,452395	0,536187	0,28672	0,0914455	-0,114759	-0,140479	-0,212059	-0,376276	-0,726751	-0,582349	-0,771433	-0,934602	-0,946646
251,5	3,17895	3,11757	3,41874	3,46711	3,40261	3,60271	3,5284	3,81433	3,82004	3,55532	3,60094	3,44933	3,34033	3,16778	2,9223	2,60363	2,60917	2,28195	1,98723	1,88804	1,61023	1,45816	1,27343	1,13661	1,03541	0,822008	0,684871	0,354581	0,310274	0,411243	0,151744	-0,0626427	-0,259618	-0,178972	-0,383381	-0,599298	-0,87501	-0,723858	-0,946448	-1,01188	-1,0914
251	3,07433	3,0214	3,19667	3,30069	3,26403	3,44979	3,28378	3,60717	3,58298	3,30456	3,36149	3,20463	3,13144	2,91783	2,64352	2,35746	2,3966	2,06223	1,85843	1,68772	1,47255	1,30629	1,12655	0,949768	0,841658	0,64091	0,555615	0,238826	0,129913	0,336898	-0,0173199	-0,18729	-0,363681	-0,222131	-0,464849	-0,720109	-0,992308	-0,876	-1,04352	-1,10114	-1,19719
250,5	2,96419	2,8447	2,99769	3,14543	3,0615	3,24367	3,12246	3,35592	3,36792	3,00694	3,08848	2,92858	2,9243	2,73624	2,44038	2,08925	2,14727	1,86785	1,66332	1,5089	1,29428	1,13844	0,958899	0,811651	0,682254	0,524104	0,5011	0,0280094	-0,0519379	0,222644	-0,172832	-0,266987	-0,441444	-0,362468	-0,576729	-0,828678	-1,06136	-1,0306	-1,12782	-1,15516	-1,2804
250	2,81696	2,64024	2,85933	3,00195	2,83141	3,02222	2,86198	3,07794	3,17951	2,78472	2,83565	2,57269	2,63581	2,4631	2,21402	1,85488	1,89763	1,67379	1,41747	1,29544	1,04556	0,947516	0,771253	0,599476	0,53809	0,337522	0,387345	-0,146743	-0,22607	0,0125359	-0,333057	-0,388463	-0,487967	-0,513525	-0,607481	-0,92242	-1,15879	-1,15995	-1,26946	-1,19723	-1,40401
249,5	2,70118	2,45438	2,69186	2,77047	2,66364	2,7756	2,6006	2,80647	2,9259	2,47988	2,60773	2,27838	2,32974	2,18722	1,93787	1,59288	1,63724	1,39461	1,22757	1,03926	0,871471	0,797031	0,617837	0,396289	0,353493	0,149381	0,199482	-0,296881	-0,338777	-0,126256	-0,481354	-0,53694	-0,616389	-0,644648	-0,694187	-0,919886	-1,28517	-1,2211	-1,34561	-1,30524	-1,50993
249	2,54862	2,35428	2,51613	2,5715	2,46532	2,55118	2,36194	2,50163	2,65946	2,19375	2,3363	1,99877	1,95906	1,83086	1,63646	1,29954	1,31363	1,16459	1,02036	0,768633	0,671798	0,595226	0,430113	0,161372	0,180407	-0,0542034	-0,0162556	-0,495657	-0,413521	-0,233633	-0,674423	-0,673692	-0,707038	-0,797956	-0,768345	-1,01017	-1,34983	-1,41897	-1,49464	-1,37208	-1,62694
248,5	2,42209	2,23921	2,34605	2,32461	2,21754	2,22989	2,11242	2,21576	2,35123	1,90433	2,08236	1,6397	1,61389	1,56118	1,40375	1,0201	1,02804	0,910807	0,806714	0,515556	0,411446	0,361217	0,206572	-0,0149975	0,00196266	-0,185897	-0,18081	-0,614874	-0,579635	-0,367652	-0,842006	-0,780426	-0,827653	-0,946564	-0,834269	-1,06891	-1,44145	-1,49177	-1,5838	-1,42125	-1,72707
248	2,28995	2,05705	2,10491	2,09175	1,93811	1,94701	1,89768	2,00855	1,99988	1,66671	1,77382	1,29647	1,34848	1,23701	1,07029	0,728969	0,799274	0,621629	0,518541	0,243625	0,208522	0,14658	0,0262993	-0,165765	-0,176114	-0,394219	-0,325748	-0,721006	-0,712726	-0,480133	-0,951599	-0,986856	-0,963245	-1,08379	-0,95789	-1,14969	-1,52437	-1,56486	-1,71516	-1,52747	-1,78155
247,5	2,14016	1,89686	1,90119	1,90274	1,69642	1,7218	1,60174	1,6847	1,64682	1,36117	1,40307	0,987561	1,01262	0,934375	0,767436	0,49129	0,487509	0,400745	0,25221	0,0115471	-7,64084E-4	-0,0258125	-0,199189	-0,312859	-0,303935	-0,649572	-0,589706	-0,847837	-0,86699	-0,631824	-1,07555	-1,08185	-1,04293	-1,16688	-1,09139	-1,22262	-1,62818	-1,65054	-1,74254	-1,69518	-1,84625
247	1,9535	1,68617	1,7265	1,65374	1,46315	1,4204	1,34775	1,39398	1,27069	1,05659	1,1279	0,706168	0,723841	0,657171	0,447876	0,203467	0,216064	0,161475	-0,0226067	-0,228175	-0,220963	-0,255221	-0,421558	-0,43601	-0,471238	-0,810183	-0,754644	-0,991457	-1,03617	-0,741705	-1,18046	-1,22089	-1,12384	-1,2813	-1,18338	-1,34305	-1,66486	-1,6698	-1,84239	-1,76803	-1,96105
246,5	1,77775	1,53279	1,54565	1,43647	1,23101	1,15247	1,04989	1,11321	0,921744	0,798046	0,859488	0,443453	0,42131	0,381178	0,207404	-0,0520725	-0,0373795	-0,137293	-0,285756	-0,382455	-0,436267	-0,483633	-0,652948	-0,607202	-0,691166	-0,961447	-0,884372	-1,07635	-1,18858	-0,918473	-1,30294	-1,35484	-1,26132	-1,37698	-1,27447	-1,45655	-1,70291	-1,63022	-1,90228	-1,84772	-1,98016
246	1,64967	1,34291	1,29969	1,23776	1,02341	0,892569	0,793152	0,843354	0,649736	0,467993	0,58637	0,15406	0,136876	0,122998	-0,114498	-0,300343	-0,252186	-0,450264	-0,535111	-0,543097	-0,634398	-0,676432	-0,827743	-0,781581	-0,849564	-1,10268	-1,01473	-1,13741	-1,26733	-1,10251	-1,39364	-1,47386	-1,41372	-1,52462	-1,37607	-1,51796	-1,70714	-1,62761	-1,97011	-1,90782	-2,04235
245,5	1,39945	1,11392	1,02697	1,02232	0,816034	0,620619	0,529366	0,577593	0,368868	0,201075	0,265656	-0,143668	-0,141151	-0,155323	-0,340524	-0,514716	-0,499613	-0,636524	-0,742361	-0,753508	-0,802911	-0,871946	-0,991406	-0,942575	-1,01367	-1,21784	-1,14215	-1,24297	-1,43176	-1,23377	-1,53393	-1,54333	-1,55315	-1,59649	-1,47271	-1,57763	-1,82613	-1,72532	-2,00897	-1,96863	-2,1167
245	1,18638	0,906792	0,793785	0,832653	0,568545	0,388966	0,32427	0,29308	0,0627964	-0,0372585	-0,0309078	-0,452346	-0,361998	-0,402565	-0,539966	-0,710323	-0,686663	-0,89123	-0,96632	-0,951624	-0,975093	-1,08581	-1,15337	-1,13298	-1,16759	-1,38377	-1,29284	-1,38547	-1,55814	-1,39607	-1,6578	-1,63338	-1,56103	-1,70858	-1,53646	-1,60457	-1,86065	-1,79276	-1,9904	-2,02498	-2,12709
244,5	0,973379	0,668165	0,622117	0,605747	0,295869	0,159376	0,115872	0,0585377	-0,274173	-0,335956	-0,300483	-0,739793	-0,641945	-0,655873	-0,780148	-0,911777	-0,933306	-1,07719	-1,19145	-1,17406	-1,1157	-1,32071	-1,30741	-1,30187	-1,32462	-1,4933	-1,43712	-1,56451	-1,60762	-1,5208	-1,73045	-1,75665	-1,57637	-1,73469	-1,59194	-1,68273	-1,91688	-1,81177	-2,0781	-2,13924	-2,12511
244	0,733829	0,42472	0,443398	0,403855	0,0991337	-0,0894272	-0,126682	-0,173899	-0,522999	-0,532425	-0,568445	-0,9763	-0,859499	-0,896514	-1,0161	-1,10331	-1,19272	-1,23299	-1,38479	-1,34489	-1,23405	-1,53225	-1,47905	-1,42237	-1,46093	-1,62981	-1,58222	-1,60742	-1,68279	-1,63767	-1,77958	-1,81024	-1,62284	-1,82934	-1,64367	-1,78011	-1,96159	-1,795	-2,08511	-2,15893	-2,12489
243,5	0,56256	0,286387	0,238666	0,163434	-0,0894398	-0,256097	-0,307216	-0,393119	-0,818843	-0,754163	-0,791681	-1,17228	-1,06468	-1,12561	-1,27844	-1,32499	-1,39545	-1,39282	-1,52896	-1,5265	-1,39515	-1,65984	-1,57589	-1,53159	-1,60402	-1,72441	-1,70268	-1,66635	-1,72688	-1,72638	-1,86318	-1,83037	-1,72806	-1,85999	-1,7058	-1,85241	-1,96709	-1,82758	-2,07877	-2,21415	-2,13435
243	0,380231	0,131002	0,0520264	0,00731277	-0,257601	-0,434259	-0,509001	-0,651375	-1,03627	-0,975198	-1,05913	-1,37211	-1,14844	-1,32911	-1,48883	-1,54215	-1,562	-1,50241	-1,67509	-1,71368	-1,54885	-1,82157	-1,74988	-1,6664	-1,65311	-1,79444	-1,78835	-1,76484	-1,81645	-1,75305	-1,87278	-1,80705	-1,8321	-1,88582	-1,78496	-1,9073	-1,98391	-1,89526	-2,09394	-2,20276	-2,15851
242,5	0,200869	-0,0537918	-0,120011	-0,15035	-0,489987	-0,668612	-0,684324	-0,854985	-1,30504	-1,12446	-1,24918	-1,54165	-1,28096	-1,4848	-1,60775	-1,68485	-1,66996	-1,6791	-1,81573	-1,87023	-1,668	-1,93322	-1,8696	-1,74728	-1,76893	-1,85253	-1,81408	-1,81726	-1,93725	-1,86918	-1,88414	-1,80959	-1,89053	-1,92139	-1,79202	-1,9154	-1,97284	-1,93486	-2,10744	-2,19289	-2,1839
242	-0,00699234	-0,241323	-0,279113	-0,318175	-0,655031	-0,847142	-0,793881	-1,05182	-1,5374	-1,25678	-1,45075	-1,66872	-1,41888	-1,62261	-1,80164	-1,84603	-1,79509	-1,83438	-1,94255	-1,97485	-1,73229	-2,03349	-1,95928	-1,87421	-1,85896	-1,92994	-1,83154	-1,80199	-1,98224	-1,92054	-1,92279	-1,83284	-1,95894	-1,93629	-1,87699	-1,94476	-1,94112	-1,94827	-2,14049	-2,21855	-2,15291
241,5	-0,221151	-0,369756	-0,477661	-0,451879	-0,772299	-1,00517	-0,932904	-1,22132	-1,67008	-1,4475	-1,60154	-1,81822	-1,55314	-1,77855	-1,90599	-1,9804	-1,94685	-1,92951	-2,06901	-2,03658	-1,82711	-2,11313	-2,0501	-1,98845	-1,94498	-1,94632	-1,89107	-1,80368	-1,96657	-1,90666	-1,91695	-1,81259	-1,93761	-1,89027	-1,92552	-1,97772	-1,96221	-1,98631	-2,12313	-2,18753	-2,14846
241	-0,42028	-0,546231	-0,629258	-0,637639	-0,869898	-1,14517	-1,0656	-1,38052	-1,7712	-1,62683	-1,73056	-1,93615	-1,66305	-1,94987	-1,98443	-2,11815	-2,04348	-2,0416	-2,05344	-2,13373	-1,9411	-2,12445	-2,12085	-2,08028	-2,05068	-1,91262	-1,89636	-1,78033	-2,01289	-1,90001	-1,91413	-1,80172	-1,91245	-1,88304	-1,9065	-1,96783	-1,94095	-1,95281	-2,10836	-2,15109	-2,15783
240,5	-0,542176	-0,744583	-0,803329	-0,793929	-0,962835	-1,24771	-1,22524	-1,50136	-1,90792	-1,75408	-1,86431	-1,99799	-1,73894	-2,03347	-2,03711	-2,21058	-2,13073	-2,11685	-2,03442	-2,16592	-1,91717	-2,15416	-2,16909	-2,11843	-2,10397	-1,87441	-1,90745	-1,79744	-2,0023	-1,91174	-1,90992	-1,76225	-1,93258	-1,82428	-1,93602	-1,9548	-1,89903	-1,87841	-2,06022	-2,14364	-2,11202
240	-0,714901	-0,885966	-0,973724	-0,891091	-1,0682	-1,30916	-1,30072	-1,57212	-1,95871	-1,89387	-1,95382	-2,10638	-1,81983	-2,11302	-2,07831	-2,25482	-2,14939	-2,13982	-2,04805	-2,22557	-1,94346	-2,19071	-2,15117	-2,10231	-2,12416	-1,87647	-1,93427	-1,82475	-1,95245	-1,95936	-1,93265	-1,76897	-1,90775	-1,80227	-1,89686	-1,91282	-1,89041	-1,91106	-2,09653	-2,13806	-2,07806
239,5	-0,865398	-0,986113	-1,08808	-0,990114	-1,17193	-1,40552	-1,36206	-1,71424	-2,04038	-1,94129	-2,05877	-2,17885	-1,92529	-2,19606	-2,13143	-2,31643	-2,20329	-2,09801	-2,05205	-2,27357	-2,0191	-2,20984	-2,1441	-2,10971	-2,10421	-1,81667	-1,9063	-1,87278	-1,96994	-1,93937	-1,87943	-1,71561	-1,81919	-1,77394	-1,88344	-1,90421	-1,90459	-1,94837	-2,10494	-2,07423	-2,04667
239	-1,00468	-1,05558	-1,17367	-1,03404	-1,27925	-1,51307	-1,44736	-1,77388	-2,1153	-1,98166	-2,10856	-2,17088	-2,02146	-2,22943	-2,14794	-2,32595	-2,19561	-2,12497	-2,01661	-2,27405	-2,04014	-2,20165	-2,09516	-2,10504	-2,10253	-1,86506	-1,88	-1,82633	-1,89454	-1,93881	-1,79127	-1,64013	-1,75412	-1,72253	-1,87422	-1,87184	-1,84235	-1,90728	-2,08648	-2,02343	-2,01567
238,5	-1,09872	-1,14297	-1,23006	-1,17316	-1,39143	-1,62268	-1,54243	-1,82282	-2,12218	-2,01497	-2,09756	-2,18497	-2,04716	-2,22392	-2,203	-2,36099	-2,15994	-2,08071	-1,98798	-2,23214	-2,03741	-2,1575	-2,06894	-2,04382	-2,07717	-1,85575	-1,80861	-1,78623	-1,81647	-1,86136	-1,73768	-1,60869	-1,75119	-1,70673	-1,88089	-1,80362	-1,81569	-1,83638	-2,05484	-1,91946	-1,96914
238	-1,15213	-1,20521	-1,29164	-1,26466	-1,49943	-1,66038	-1,61996	-1,81728	-2,14108	-2,02362	-2,14072	-2,19725	-2,02855	-2,22477	-2,21195	-2,36853	-2,10463	-2,02048	-1,94323	-2,15082	-2,04251	-2,07099	-1,98367	-1,93659	-2,00395	-1,76893	-1,77844	-1,72225	-1,78438	-1,76653	-1,63098	-1,52617	-1,76382	-1,6646	-1,83422	-1,72734	-1,73857	-1,76671	-1,95728	-1,80288	-1,8341
237,5	-1,19023	-1,21585	-1,30486	-1,33857	-1,52624	-1,69557	-1,65919	-1,85796	-2,15859	-2,077	-2,07948	-2,17723	-2,00865	-2,19426	-2,15682	-2,30177	-2,00004	-1,9596	-1,93421	-2,10813	-2,02973	-1,957	-1,92581	-1,90312	-1,92752	-1,74804	-1,7626	-1,64095	-1,76424	-1,68207	-1,58815	-1,44893	-1,72129	-1,62219	-1,77427	-1,596	-1,63177	-1,71237	-1,92719	-1,70594	-1,75574
237	-1,24495	-1,24451	-1,34132	-1,37548	-1,56664	-1,7172	-1,69121	-1,84854	-2,16754	-2,04512	-2,06067	-2,14909	-1,96479	-2,16002	-2,0738	-2,21297	-1,95291	-1,92419	-1,84869	-2,01868	-1,9393	-1,88744	-1,84656	-1,81664	-1,81254	-1,71948	-1,6753	-1,58568	-1,7721	-1,59037	-1,48939	-1,38012	-1,65368	-1,55336	-1,7032	-1,48365	-1,53408	-1,61871	-1,82417	-1,61073	-1,71424
236,5	-1,30162	-1,28925	-1,3734	-1,41381	-1,58227	-1,70902	-1,68477	-1,80496	-2,12287	-2,01478	-2,01945	-2,06169	-2,00522	-2,05416	-1,99128	-2,11177	-1,90076	-1,83994	-1,75811	-1,8697	-1,84413	-1,78326	-1,69651	-1,66769	-1,77584	-1,61487	-1,55825	-1,48094	-1,67911	-1,51458	-1,43555	-1,3278	-1,53373	-1,46591	-1,57104	-1,36466	-1,42665	-1,53469	-1,75174	-1,50229	-1,62411
236	-1,31126	-1,27082	-1,3756	-1,41741	-1,56239	-1,66257	-1,6459	-1,72037	-2,02316	-1,99367	-1,96241	-2,00462	-1,94576	-1,94771	-1,88828	-2,01507	-1,82234	-1,72344	-1,6768	-1,70894	-1,70994	-1,71117	-1,59145	-1,56626	-1,65057	-1,54065	-1,48648	-1,33882	-1,49947	-1,39013	-1,34058	-1,26417	-1,4187	-1,39376	-1,51697	-1,2806	-1,31798	-1,35855	-1,64362	-1,43118	-1,5608
235,5	-1,26282	-1,22795	-1,3393	-1,35183	-1,5321	-1,61624	-1,64121	-1,65202	-1,92012	-1,89673	-1,88952	-1,88522	-1,81084	-1,87051	-1,76493	-1,93255	-1,72049	-1,56867	-1,57781	-1,58821	-1,58808	-1,56522	-1,46696	-1,38559	-1,53066	-1,40403	-1,39667	-1,30045	-1,40616	-1,2485	-1,18807	-1,18936	-1,27038	-1,27878	-1,42427	-1,17221	-1,25755	-1,22177	-1,44154	-1,29011	-1,41798
235	-1,20165	-1,1726	-1,23948	-1,27947	-1,48961	-1,52619	-1,5499	-1,55999	-1,83243	-1,76235	-1,7506	-1,73034	-1,68558	-1,72663	-1,61318	-1,79046	-1,57075	-1,41407	-1,46903	-1,45893	-1,42652	-1,39676	-1,37068	-1,2086	-1,40928	-1,2798	-1,27284	-1,23074	-1,29137	-1,12612	-1,11798	-1,07739	-1,08543	-1,14234	-1,28044	-1,06673	-1,10089	-1,07724	-1,30412	-1,16932	-1,31531
234,5	-1,10894	-1,11119	-1,13667	-1,20633	-1,43981	-1,41644	-1,44301	-1,42948	-1,71165	-1,63355	-1,577	-1,62604	-1,51866	-1,57063	-1,48265	-1,66484	-1,3683	-1,30761	-1,32611	-1,33461	-1,24158	-1,25401	-1,18998	-1,02933	-1,24644	-1,10596	-1,13393	-1,13439	-1,11856	-1,05704	-1,00586	-0,959997	-0,962713	-1,03595	-1,16296	-0,994145	-0,975934	-0,961182	-1,22631	-1,06407	-1,23286
234	-1,03659	-1,00915	-1,02282	-1,07212	-1,33709	-1,32617	-1,26943	-1,27819	-1,52895	-1,39988	-1,43268	-1,48321	-1,34373	-1,41478	-1,32074	-1,47726	-1,19627	-1,14813	-1,22248	-1,17953	-1,14043	-1,14001	-1,00037	-0,92393	-1,10205	-1,0006	-1,0211	-1,03472	-1,0313	-0,923252	-0,866351	-0,870415	-0,835812	-0,929444	-0,961156	-0,864701	-0,846902	-0,830561	-1,10568	-0,924427	-1,10531
233,5	-0,915658	-0,88887	-0,899096	-0,972163	-1,26203	-1,17756	-1,16033	-1,14054	-1,3653	-1,23016	-1,29644	-1,2952	-1,15448	-1,29477	-1,19898	-1,31866	-1,07115	-0,957675	-1,13658	-1,02683	-1,01493	-1,01851	-0,870647	-0,765131	-0,964048	-0,873017	-0,868936	-0,921858	-0,891592	-0,775117	-0,72266	-0,75849	-0,679577	-0,782691	-0,825242	-0,720453	-0,717089	-0,703292	-0,98214	-0,8083	-0,944224
233	-0,792624	-0,773435	-0,767492	-0,865348	-1,10608	-1,05552	-1,01308	-0,951423	-1,1902	-1,08098	-1,16432	-1,17501	-0,936883	-1,10609	-0,991017	-1,13203	-0,906062	-0,70458	-0,996404	-0,8969	-0,862738	-0,819235	-0,793682	-0,608865	-0,84527	-0,715948	-0,782196	-0,701956	-0,705502	-0,60441	-0,650723	-0,618277	-0,592049	-0,683347	-0,673124	-0,627586	-0,522781	-0,54416	-0,766371	-0,621647	-0,834136
232,5	-0,573482	-0,622207	-0,582636	-0,741346	-0,910958	-0,879286	-0,871455	-0,777125	-0,978423	-0,859704	-0,985364	-0,988647	-0,730857	-0,937751	-0,781206	-0,970946	-0,782712	-0,549867	-0,803725	-0,762696	-0,685956	-0,663603	-0,629186	-0,430774	-0,682339	-0,589411	-0,627144	-0,582613	-0,54332	-0,429819	-0,472377	-0,468867	-0,481967	-0,562852	-0,467159	-0,517076	-0,38019	-0,354565	-0,622581	-0,464006	-0,692733
232	-0,362765	-0,459573	-0,42164	-0,600995	-0,703255	-0,651017	-0,628649	-0,603234	-0,815966	-0,656051	-0,823717	-0,818835	-0,510341	-0,695221	-0,574432	-0,743244	-0,62022	-0,417105	-0,614805	-0,540673	-0,489243	-0,494231	-0,469344	-0,274204	-0,511901	-0,395642	-0,496076	-0,375665	-0,379163	-0,273483	-0,337779	-0,336848	-0,347149	-0,393819	-0,294115	-0,381519	-0,203145	-0,171594	-0,404241	-0,3257	-0,556664
231,5	-0,173679	-0,259486	-0,290111	-0,429046	-0,439037	-0,425487	-0,383483	-0,407336	-0,630573	-0,425655	-0,593609	-0,592593	-0,313797	-0,492468	-0,369742	-0,550724	-0,455471	-0,252529	-0,423162	-0,424024	-0,314563	-0,330237	-0,307903	-0,107134	-0,341018	-0,237738	-0,314082	-0,218323	-0,22251	-0,167863	-0,190882	-0,161839	-0,14707	-0,231285	-0,141995	-0,191015	-0,0420811	-0,0281479	-0,234383	-0,200336	-0,416236
231	0,0565113	-0,0165543	-0,10568	-0,19894	-0,194835	-0,250455	-0,168368	-0,254356	-0,358149	-0,223295	-0,377581	-0,354894	-0,0892365	-0,314388	-0,153384	-0,378813	-0,26927	-0,0613026	-0,208427	-0,171387	-0,13116	-0,174809	-0,121658	0,0952503	-0,18165	-0,0892239	-0,135442	-0,031477	-0,0165112	-0,0470795	-0,0232903	-0,0025486	0,0117069	-0,0495872	-0,0163902	-0,0361145	0,0799828	0,0991978	-0,0629883	-0,00502357	-0,304067
230,5	0,275562	0,213242	0,0827896	0,0380825	0,0451805	-0,0560677	0,0338093	-0,0530483	-0,0769146	-0,010009	-0,160717	-0,136395	0,0803848	-0,0909321	0,0244461	-0,210306	-0,0689102	0,0842957	-0,0350758	0,00307808	0,0339466	0,0228233	0,0549187	0,240976	0,00711365	0,13313	0,00430679	0,149439	0,20599	0,141399	0,0830635	0,104236	0,158037	0,129347	0,118851	0,0914879	0,210381	0,199701	0,0997757	0,122791	-0,115113
230	0,547061	0,495208	0,347009	0,26015	0,281402	0,193286	0,315405	0,176443	0,166316	0,23779	0,0553448	0,0812805	0,318528	0,0946659	0,282468	0,00657845	0,173769	0,279859	0,170984	0,187376	0,234122	0,257798	0,228056	0,378452	0,240392	0,298207	0,171131	0,333526	0,358979	0,320929	0,220583	0,256908	0,332328	0,297783	0,257568	0,261454	0,345308	0,373387	0,210086	0,240539	0,0433319
229,5	0,785154	0,72196	0,663151	0,55577	0,590256	0,469942	0,523123	0,432718	0,406572	0,502934	0,24741	0,321325	0,541971	0,324602	0,515089	0,245381	0,381508	0,50245	0,382328	0,405872	0,399442	0,453163	0,432372	0,549961	0,436713	0,498519	0,366525	0,500312	0,478978	0,505039	0,404989	0,378332	0,524131	0,469033	0,402657	0,365384	0,47956	0,546336	0,329617	0,425574	0,229156
229	1,03803	1,02802	0,979314	0,804992	0,848378	0,755396	0,73467	0,71833	0,641254	0,782531	0,50305	0,524512	0,74215	0,569852	0,735176	0,510478	0,62095	0,717638	0,616883	0,589228	0,598883	0,635793	0,674449	0,706166	0,615667	0,684972	0,571677	0,661514	0,636506	0,654847	0,541235	0,562846	0,671051	0,610122	0,576045	0,570432	0,718096	0,662186	0,427423	0,548902	0,401607
228,5	1,38135	1,31584	1,21524	1,06058	1,14233	1,11332	1,04133	1,01172	0,924558	1,04195	0,844423	0,746282	0,980677	0,752569	0,953715	0,714203	0,848105	0,900969	0,829611	0,801723	0,798832	0,774807	0,886714	0,870563	0,895789	0,814455	0,791097	0,86491	0,810587	0,830103	0,698352	0,780023	0,817178	0,748717	0,773562	0,764852	0,8454	0,784529	0,600499	0,75607	0,583671
228	1,7197	1,60534	1,49694	1,39044	1,48735	1,40827	1,32804	1,30954	1,20247	1,29435	1,0689	1,01495	1,17003	1,01201	1,19573	0,918512	1,00912	1,12349	1,01022	1,06035	0,920721	0,945427	1,03492	0,994796	1,10912	1,00128	0,967983	1,01078	0,918993	0,983762	0,875494	0,986782	0,953122	0,964579	0,952594	0,978809	0,986936	0,919113	0,816858	0,882344	0,836477
227,5	1,98495	1,97674	1,81767	1,69932	1,77048	1,69526	1,63264	1,59675	1,4887	1,57547	1,36808	1,27276	1,37572	1,29708	1,42497	1,14028	1,22937	1,35254	1,22902	1,21961	1,10818	1,21814	1,22105	1,21269	1,34452	1,14146	1,16482	1,247	1,13693	1,16766	1,0757	1,16828	1,08674	1,13185	1,09229	1,13831	1,12793	1,05405	1,01712	1,087	1,00031
227	2,31181	2,33945	2,2582	2,04497	2,104	1,99529	1,92838	1,90348	1,81099	1,83381	1,60712	1,45317	1,65507	1,56792	1,62809	1,38828	1,45465	1,5305	1,45186	1,43464	1,3277	1,43535	1,4443	1,41328	1,51118	1,33597	1,39119	1,42885	1,30886	1,38133	1,26864	1,36622	1,26585	1,26175	1,27582	1,31854	1,27829	1,24742	1,20588	1,24597	1,12676
226,5	2,66334	2,62379	2,65118	2,43206	2,39569	2,35118	2,3101	2,15914	2,09752	2,08161	1,8989	1,68918	1,89596	1,84007	1,84972	1,63196	1,65026	1,67959	1,74138	1,72277	1,57244	1,64294	1,67132	1,55853	1,75461	1,56323	1,59672	1,57207	1,47512	1,48843	1,43732	1,48006	1,48572	1,48931	1,43742	1,57949	1,41227	1,40694	1,35027	1,39368	1,27222
226	2,99481	2,93901	3,046	2,71718	2,72142	2,7086	2,6198	2,46257	2,34208	2,33005	2,20355	1,99522	2,17379	2,12954	2,05427	1,88713	1,9196	1,91942	1,97581	1,98369	1,82569	1,87142	1,88436	1,82683	1,95918	1,81517	1,80608	1,77696	1,6862	1,64222	1,61241	1,65039	1,67281	1,67014	1,61807	1,78855	1,58027	1,51245	1,56055	1,53572	1,45116
225,5	3,30286	3,34652	3,40706	3,15924	3,06224	3,01185	2,92799	2,7751	2,68143	2,62903	2,49738	2,28495	2,46588	2,39147	2,3554	2,13907	2,16933	2,18032	2,19693	2,19347	2,04978	2,08682	2,17786	2,02816	2,19109	2,02657	2,05937	2,01502	1,85792	1,77603	1,75491	1,82373	1,83505	1,8669	1,78788	1,91404	1,73822	1,62192	1,72556	1,69565	1,65307
225	3,69448	3,7603	3,81838	3,6061	3,43013	3,36236	3,27081	3,12435	3,03871	2,91975	2,76839	2,57691	2,67547	2,65207	2,63355	2,37621	2,46903	2,40891	2,37356	2,45732	2,3235	2,28201	2,41433	2,25209	2,36273	2,27091	2,28717	2,17084	2,04912	1,95661	1,92816	1,97195	2,0172	2,00568	1,97682	2,02149	1,89301	1,76582	1,89865	1,85498	1,86099
224,5	4,06079	4,164	4,24995	4,00461	3,77963	3,74721	3,60917	3,51596	3,30825	3,25154	3,01669	2,87395	2,88201	2,92615	2,86664	2,60929	2,73178	2,67159	2,59369	2,65449	2,6003	2,48428	2,65505	2,43154	2,56203	2,46499	2,47851	2,3803	2,25449	2,22414	2,09933	2,162	2,22986	2,19731	2,16486	2,15625	2,06227	1,99589	2,13576	1,98058	2,02681
224	4,4551	4,55147	4,68357	4,34717	4,16782	4,18466	4,06248	3,88497	3,67166	3,60394	3,31147	3,13867	3,16096	3,20989	3,13844	2,96926	3,0186	2,92591	2,85797	2,93599	2,8855	2,61932	2,87266	2,66025	2,78954	2,68232	2,70272	2,5336	2,39839	2,39396	2,30918	2,37869	2,45095	2,34968	2,38499	2,35584	2,26151	2,19697	2,24934	2,16896	2,18519
223,5	4,91549	4,98559	5,12821	4,76122	4,61085	4,55136	4,43922	4,26433	3,95921	3,9588	3,62327	3,46197	3,50531	3,49216	3,36962	3,22474	3,26322	3,18082	3,09274	3,22211	3,12618	2,81022	3,09802	2,87928	2,89407	3,00921	2,9221	2,70853	2,63058	2,56269	2,52064	2,623	2,61001	2,54997	2,606	2,54357	2,47585	2,43016	2,44595	2,39356	2,40317
223	5,36237	5,42623	5,54276	5,17681	5,00513	4,93517	4,80549	4,56071	4,30692	4,2937	3,99077	3,77135	3,83724	3,76932	3,61614	3,5056	3,56287	3,45934	3,36589	3,44013	3,43121	3,05952	3,34528	3,08582	3,12178	3,20773	3,14678	2,87877	2,84941	2,76939	2,70026	2,80209	2,77953	2,77179	2,85999	2,71564	2,67495	2,56541	2,66808	2,59546	2,57482
222,5	5,8359	5,91406	5,95342	5,62328	5,42818	5,3217	5,2532	4,84974	4,69032	4,62943	4,37705	4,08329	4,11455	4,03774	3,87424	3,7386	3,91935	3,66155	3,65052	3,68981	3,66798	3,26693	3,54654	3,32423	3,30755	3,39006	3,33049	3,09218	3,08499	2,99177	2,93378	3,03689	3,01015	3,0293	3,0588	2,85272	2,82826	2,72796	2,9134	2,77993	2,77098
222	6,17433	6,35773	6,36087	6,07477	5,86219	5,69872	5,61466	5,22438	5,16392	5,01371	4,63836	4,40023	4,44942	4,34583	4,17115	4,06106	4,15259	3,95843	3,93045	3,982	3,90748	3,61679	3,83401	3,58243	3,48823	3,68993	3,54065	3,27928	3,33007	3,20078	3,17327	3,24341	3,25775	3,28966	3,24217	3,01505	3,02448	2,93431	3,19412	2,91078	2,93098
221,5	6,55913	6,85439	6,80739	6,44807	6,27364	6,07224	6,01919	5,56847	5,57112	5,40262	4,9643	4,70198	4,76589	4,70499	4,55319	4,44888	4,4901	4,20085	4,20586	4,21637	4,16475	3,92813	4,07551	3,93049	3,70233	3,91991	3,75632	3,46746	3,63196	3,38359	3,47423	3,43694	3,48432	3,45861	3,47081	3,20193	3,27218	3,16257	3,34791	3,07104	3,0665
221	7,04844	7,28933	7,23105	6,8432	6,71282	6,4922	6,42102	5,90783	5,96341	5,73744	5,26482	5,07149	5,08635	4,95937	4,89555	4,80301	4,7756	4,50246	4,51464	4,57948	4,44977	4,17078	4,33261	4,15976	4,00497	4,17267	3,92922	3,7474	3,89437	3,55814	3,6342	3,65219	3,74707	3,58718	3,77607	3,39869	3,4754	3,4098	3,41762	3,27231	3,27218
220,5	7,51454	7,65538	7,64538	7,31696	7,03185	6,91189	6,76094	6,28836	6,32177	6,042	5,66269	5,46251	5,4143	5,23766	5,17191	5,0828	5,06074	4,78074	4,8117	4,92843	4,71255	4,42117	4,60135	4,41413	4,22676	4,3944	4,14246	4,02822	4,19605	3,77211	3,84869	3,83915	3,90947	3,88365	3,98453	3,56246	3,72917	3,54111	3,62154	3,46872	3,36758
220	7,94172	8,1158	7,94908	7,79276	7,49144	7,3535	7,0202	6,71388	6,6926	6,4315	5,98546	5,85035	5,68758	5,55389	5,43853	5,37402	5,3661	5,18986	5,0532	5,1734	4,993	4,80415	4,89002	4,71357	4,52918	4,65318	4,37061	4,23752	4,35242	3,99854	4,07379	4,06745	4,09946	4,06778	4,21345	3,668	3,9488	3,7801	3,84074	3,60764	3,54101
